 % Time.............:    5.8999999851039320E-004
 % Distribution.....:            0
 % Fluid flag.......:            0
 % Vaporization flag:            1
 % Temperature flag.:   -1.32555305E+24
 %    ID      Diameter         X position        Y position        X velocity       Y velocity           Mass            Temperature
       1    2.28109478E-06    1.20779052E-04    1.20778897E-04    6.13859807E-13   -1.54188516E-04    6.21482104E-15    3.08000000E+02
       2    2.91384365E-06    1.63905354E-04    1.63905102E-04    1.09570191E-08   -2.51578279E-04    1.29538054E-14    3.08000000E+02
       3    3.48316572E-06    2.11203314E-04    2.11202952E-04    2.10127501E-06   -3.59467434E-04    2.21269242E-14    3.08000000E+02
       4    3.48316572E-06    2.11203314E-04    2.11202952E-04    2.10127501E-06   -3.59467434E-04    2.21269242E-14    3.08000000E+02
       5    4.58615583E-06    3.25090617E-04    3.25089378E-04    6.06277744E-04   -6.22473720E-04    5.05062422E-14    3.08000000E+02
       6    4.58615583E-06    3.25090617E-04    3.25089378E-04    6.06277744E-04   -6.22473720E-04    5.05062422E-14    3.08000000E+02
       7    4.58615583E-06    3.25090617E-04    3.25089378E-04    6.06277744E-04   -6.22473720E-04    5.05062422E-14    3.08000000E+02
       8    5.64877535E-06    4.60874352E-04    4.60863179E-04    1.01284666E-02   -9.35602225E-04    9.43759953E-14    3.08000000E+02
       9    5.64877535E-06    4.60874352E-04    4.60863179E-04    1.01284666E-02   -9.35602225E-04    9.43759953E-14    3.08000000E+02
      10    5.64877535E-06    4.60874352E-04    4.60863179E-04    1.01284666E-02   -9.35602225E-04    9.43759953E-14    3.08000000E+02
      11    5.64877535E-06    4.60874352E-04    4.60863179E-04    1.01284666E-02   -9.35602225E-04    9.43759953E-14    3.08000000E+02
      12    6.69123004E-06    6.13972867E-04    6.13919983E-04    5.12131720E-02   -1.27917097E-03    1.56861556E-13    3.08000000E+02
      13    6.69123004E-06    6.13972867E-04    6.13919983E-04    5.12131720E-02   -1.27917097E-03    1.56861556E-13    3.08000000E+02
      14    6.69123004E-06    6.13972867E-04    6.13919983E-04    5.12131720E-02   -1.27917097E-03    1.56861556E-13    3.08000000E+02
      15    6.69123004E-06    6.13972867E-04    6.13919983E-04    5.12131720E-02   -1.27917097E-03    1.56861556E-13    3.08000000E+02
      16    6.69123004E-06    6.13972867E-04    6.13919983E-04    5.12131720E-02   -1.27917097E-03    1.56861556E-13    3.08000000E+02
      17    7.72231284E-06    7.76448020E-04    7.76302604E-04    1.42954572E-01   -1.62942533E-03    2.41124205E-13    3.08000000E+02
      18    7.72231284E-06    7.76448020E-04    7.76302604E-04    1.42954572E-01   -1.62942533E-03    2.41124205E-13    3.08000000E+02
      19    7.72231284E-06    7.76448020E-04    7.76302604E-04    1.42954572E-01   -1.62942533E-03    2.41124205E-13    3.08000000E+02
      20    7.72231284E-06    7.76448020E-04    7.76302604E-04    1.42954572E-01   -1.62942533E-03    2.41124205E-13    3.08000000E+02
      21    7.72231284E-06    7.76448020E-04    7.76302604E-04    1.42954572E-01   -1.62942533E-03    2.41124205E-13    3.08000000E+02
      22    8.74636772E-06    9.39890042E-04    9.39599894E-04    2.86857715E-01   -1.96818849E-03    3.50333632E-13    3.08000000E+02
      23    8.74636772E-06    9.39890042E-04    9.39599894E-04    2.86857715E-01   -1.96818849E-03    3.50333632E-13    3.08000000E+02
      24    8.74636772E-06    9.39890042E-04    9.39599894E-04    2.86857715E-01   -1.96818849E-03    3.50333632E-13    3.08000000E+02
      25    8.74636772E-06    9.39890042E-04    9.39599894E-04    2.86857715E-01   -1.96818849E-03    3.50333632E-13    3.08000000E+02
      26    8.74636772E-06    9.39890042E-04    9.39599894E-04    2.86857715E-01   -1.96818849E-03    3.50333632E-13    3.08000000E+02
      27    9.76574241E-06    1.09780741E-03    1.09733156E-03    4.71780668E-01   -2.28503875E-03    4.87656962E-13    3.08000000E+02
      28    9.76574241E-06    1.09780741E-03    1.09733156E-03    4.71780668E-01   -2.28503875E-03    4.87656962E-13    3.08000000E+02
      29    9.76574241E-06    1.09780741E-03    1.09733156E-03    4.71780668E-01   -2.28503875E-03    4.87656962E-13    3.08000000E+02
      30    9.76574241E-06    1.09780741E-03    1.09733156E-03    4.71780668E-01   -2.28503875E-03    4.87656962E-13    3.08000000E+02
      31    9.76574241E-06    1.09780741E-03    1.09733156E-03    4.71780668E-01   -2.28503875E-03    4.87656962E-13    3.08000000E+02
      32    1.07818116E-05    1.24619241E-03    1.24550476E-03    6.82916007E-01   -2.57546347E-03    6.56256855E-13    3.08000000E+02
      33    1.07818116E-05    1.24619241E-03    1.24550476E-03    6.82916007E-01   -2.57546347E-03    6.56256855E-13    3.08000000E+02
      34    1.07818116E-05    1.24619241E-03    1.24550476E-03    6.82916007E-01   -2.57546347E-03    6.56256855E-13    3.08000000E+02
      35    1.07818116E-05    1.24619241E-03    1.24550476E-03    6.82916007E-01   -2.57546347E-03    6.56256855E-13    3.08000000E+02
      36    1.07818116E-05    1.24619241E-03    1.24550476E-03    6.82916007E-01   -2.57546347E-03    6.56256855E-13    3.08000000E+02
      37    1.17954328E-05    1.38308270E-03    1.38217044E-03    9.06969414E-01   -2.83855894E-03    8.59291030E-13    3.08000000E+02
      38    1.17954328E-05    1.38308270E-03    1.38217044E-03    9.06969414E-01   -2.83855894E-03    8.59291030E-13    3.08000000E+02
      39    1.17954328E-05    1.38308270E-03    1.38217044E-03    9.06969414E-01   -2.83855894E-03    8.59291030E-13    3.08000000E+02
      40    1.17954328E-05    1.38308270E-03    1.38217044E-03    9.06969414E-01   -2.83855894E-03    8.59291030E-13    3.08000000E+02
      41    1.28071734E-05    1.50790546E-03    1.50676588E-03    1.13384635E+00   -3.07536395E-03    1.09991343E-12    3.08000000E+02
      42    1.28071734E-05    1.50790546E-03    1.50676588E-03    1.13384635E+00   -3.07536395E-03    1.09991343E-12    3.08000000E+02
      43    1.28071734E-05    1.50790546E-03    1.50676588E-03    1.13384635E+00   -3.07536395E-03    1.09991343E-12    3.08000000E+02
      44    1.28071734E-05    1.50790546E-03    1.50676588E-03    1.13384635E+00   -3.07536395E-03    1.09991343E-12    3.08000000E+02
      45    1.38174299E-05    1.62092514E-03    1.61956244E-03    1.35661501E+00   -3.28783883E-03    1.38127592E-12    3.08000000E+02
      46    1.38174299E-05    1.62092514E-03    1.61956244E-03    1.35661501E+00   -3.28783883E-03    1.38127592E-12    3.08000000E+02
      47    1.38174299E-05    1.62092514E-03    1.61956244E-03    1.35661501E+00   -3.28783883E-03    1.38127592E-12    3.08000000E+02
      48    1.38174299E-05    1.62092514E-03    1.61956244E-03    1.35661501E+00   -3.28783883E-03    1.38127592E-12    3.08000000E+02
      49    1.48264851E-05    1.72285708E-03    1.72127984E-03    1.57088697E+00   -3.47828613E-03    1.70652735E-12    3.08000000E+02
      50    1.48264851E-05    1.72285708E-03    1.72127984E-03    1.57088697E+00   -3.47828613E-03    1.70652735E-12    3.08000000E+02
      51    1.48264851E-05    1.72285708E-03    1.72127984E-03    1.57088697E+00   -3.47828613E-03    1.70652735E-12    3.08000000E+02
      52    1.48264851E-05    1.72285708E-03    1.72127984E-03    1.57088697E+00   -3.47828613E-03    1.70652735E-12    3.08000000E+02
      53    1.58345533E-05    1.81462384E-03    1.81284315E-03    1.77413379E+00   -3.64904311E-03    2.07881614E-12    3.08000000E+02
      54    1.58345533E-05    1.81462384E-03    1.81284315E-03    1.77413379E+00   -3.64904311E-03    2.07881614E-12    3.08000000E+02
      55    1.58345533E-05    1.81462384E-03    1.81284315E-03    1.77413379E+00   -3.64904311E-03    2.07881614E-12    3.08000000E+02
      56    1.58345533E-05    1.81462384E-03    1.81284315E-03    1.77413379E+00   -3.64904311E-03    2.07881614E-12    3.08000000E+02
      57    1.68417958E-05    1.89720916E-03    1.89523734E-03    1.96510975E+00   -3.80232567E-03    2.50128871E-12    3.08000000E+02
      58    1.68417958E-05    1.89720916E-03    1.89523734E-03    1.96510975E+00   -3.80232567E-03    2.50128871E-12    3.08000000E+02
      59    1.68417958E-05    1.89720916E-03    1.89523734E-03    1.96510975E+00   -3.80232567E-03    2.50128871E-12    3.08000000E+02
      60    1.78483395E-05    1.97157709E-03    1.96942685E-03    2.14341865E+00   -3.94016017E-03    2.97709087E-12    3.08000000E+02
      61    1.78483395E-05    1.97157709E-03    1.96942685E-03    2.14341865E+00   -3.94016017E-03    2.97709087E-12    3.08000000E+02
      62    1.78483395E-05    1.97157709E-03    1.96942685E-03    2.14341865E+00   -3.94016017E-03    2.97709087E-12    3.08000000E+02
      63    1.88542838E-05    2.03862992E-03    2.03631381E-03    2.30920429E+00   -4.06436076E-03    3.50936674E-12    3.08000000E+02
      64    1.88542838E-05    2.03862992E-03    2.03631381E-03    2.30920429E+00   -4.06436076E-03    3.50936674E-12    3.08000000E+02
      65    1.88542838E-05    2.03862992E-03    2.03631381E-03    2.30920429E+00   -4.06436076E-03    3.50936674E-12    3.08000000E+02
      66    1.98597140E-05    2.09919013E-03    2.09672024E-03    2.46293903E+00   -4.17653228E-03    4.10126288E-12    3.08000000E+02
      67    1.98597140E-05    2.09919013E-03    2.09672024E-03    2.46293903E+00   -4.17653228E-03    4.10126288E-12    3.08000000E+02
      68    1.98597140E-05    2.09919013E-03    2.09672024E-03    2.46293903E+00   -4.17653228E-03    4.10126288E-12    3.08000000E+02
      69    2.08646953E-05    2.15399454E-03    2.15138227E-03    2.60527926E+00   -4.27808273E-03    4.75592257E-12    3.08000000E+02
      70    2.08646953E-05    2.15399454E-03    2.15138227E-03    2.60527926E+00   -4.27808273E-03    4.75592257E-12    3.08000000E+02
      71    2.18692831E-05    2.20369684E-03    2.20095285E-03    2.73697268E+00   -4.37024304E-03    5.47648969E-12    3.08000000E+02
      72    2.18692831E-05    2.20369684E-03    2.20095285E-03    2.73697268E+00   -4.37024304E-03    5.47648969E-12    3.08000000E+02
      73    2.28735239E-05    2.24887325E-03    2.24600744E-03    2.85879765E+00   -4.45408692E-03    6.26610786E-12    3.08000000E+02
      74    2.28735239E-05    2.24887325E-03    2.24600744E-03    2.85879765E+00   -4.45408692E-03    6.26610786E-12    3.08000000E+02
      75    2.38774569E-05    2.29002989E-03    2.28705135E-03    2.97152539E+00   -4.53055036E-03    7.12792047E-12    3.08000000E+02
      76    2.38774569E-05    2.29002989E-03    2.28705135E-03    2.97152539E+00   -4.53055036E-03    7.12792047E-12    3.08000000E+02
      77    2.48811138E-05    2.32761032E-03    2.32452741E-03    3.07589717E+00   -4.60044938E-03    8.06506897E-12    3.08000000E+02
      78    2.48811138E-05    2.32761032E-03    2.32452741E-03    3.07589717E+00   -4.60044938E-03    8.06506897E-12    3.08000000E+02
      79    2.58845267E-05    2.36200335E-03    2.35882375E-03    3.17261234E+00   -4.66449662E-03    9.08069982E-12    3.08000000E+02
      80    2.58845267E-05    2.36200335E-03    2.35882375E-03    3.17261234E+00   -4.66449662E-03    9.08069982E-12    3.08000000E+02
      81    2.60740064E-05    2.36816963E-03    2.36497257E-03    3.19007254E+00   -4.67598802E-03    9.28158050E-12    3.08000000E+02
      82    2.68877186E-05    2.39354952E-03    2.39028023E-03    3.26232096E+00   -4.72331466E-03    1.01779543E-11    3.08000000E+02
      83    2.78907109E-05    2.42254752E-03    2.41919495E-03    3.34562250E+00   -4.77744877E-03    1.13599753E-11    3.08000000E+02
      84    2.88935224E-05    2.44925970E-03    2.44582971E-03    3.42306615E+00   -4.82737739E-03    1.26299055E-11    3.08000000E+02
      85    2.98961675E-05    2.47391674E-03    2.47041469E-03    3.49515272E+00   -4.87352113E-03    1.39908851E-11    3.08000000E+02
      86    3.08986644E-05    2.49672209E-03    2.49315287E-03    3.56233808E+00   -4.91625088E-03    1.54460614E-11    3.08000000E+02
      87    3.19010241E-05    2.51785521E-03    2.51422333E-03    3.62503565E+00   -4.95589400E-03    1.69985748E-11    3.08000000E+02
      88    3.29032579E-05    2.53747496E-03    2.53378452E-03    3.68362042E+00   -4.99274036E-03    1.86515676E-11    3.08000000E+02
      89    3.39053759E-05    2.55572217E-03    2.55197694E-03    3.73843224E+00   -5.02704717E-03    2.04081823E-11    3.08000000E+02
      90    3.49073871E-05    2.57272199E-03    2.56892544E-03    3.78977902E+00   -5.05904317E-03    2.22715612E-11    3.08000000E+02
      91    3.59092998E-05    2.58858583E-03    2.58474115E-03    3.83793986E+00   -5.08893225E-03    2.42448468E-11    3.08000000E+02
      92    3.69111210E-05    2.60341315E-03    2.59952326E-03    3.88316782E+00   -5.11689654E-03    2.63311812E-11    3.08000000E+02
      93    3.79128539E-05    2.61729280E-03    2.61336042E-03    3.92569237E+00   -5.14309898E-03    2.85336985E-11    3.08000000E+02
      94    3.89145117E-05    2.63030458E-03    2.62633218E-03    3.96572235E+00   -5.16768605E-03    3.08555570E-11    3.08000000E+02
      95    3.99160961E-05    2.64251997E-03    2.63850988E-03    4.00344715E+00   -5.19078914E-03    3.32998911E-11    3.08000000E+02
      96    4.09176120E-05    2.65400336E-03    2.64995770E-03    4.03903925E+00   -5.21252670E-03    3.58698429E-11    3.08000000E+02
      97    6.82248900E-05    2.81612729E-03    2.81156623E-03    4.55483413E+00   -5.52167427E-03    1.66275080E-10    3.08000000E+02
      98    7.84615860E-05    2.84228242E-03    2.83763588E-03    4.64040007E+00   -5.57201068E-03    2.52912260E-10    3.08000000E+02
      99    8.97363649E-05    2.86252521E-03    2.85781205E-03    4.70708249E+00   -5.61107444E-03    3.78358986E-10    3.08000000E+02
     100    9.87370196E-05    2.87453505E-03    2.86978217E-03    4.74683559E+00   -5.63429716E-03    5.04009446E-10    3.08000000E+02
