 % Time.............:    3.4999999911633495E-004
 % Distribution.....:            0
 % Fluid flag.......:            0
 % Vaporization flag:            1
 % Temperature flag.:            1
 %    ID      Diameter         X position        Y position        X velocity       Y velocity           Mass            Temperature
       1    2.94804496E-06    1.21912508E-04    1.21912250E-04    4.52784581E-06   -2.52934145E-04    1.34153170E-14    2.84666014E+02
       2    3.94250639E-06    2.13171494E-04    2.13169048E-04    1.95156160E-03   -4.51349130E-04    3.20860201E-14    2.85076022E+02
       3    3.94250639E-06    2.13171494E-04    2.13169048E-04    1.95156160E-03   -4.51349130E-04    3.20860201E-14    2.85076022E+02
       4    4.93676859E-06    3.26168015E-04    3.26136394E-04    3.04955670E-02   -6.95122546E-04    6.29980265E-14    2.86117114E+02
       5    4.93676859E-06    3.26168015E-04    3.26136394E-04    3.04955670E-02   -6.95122546E-04    6.29980265E-14    2.86117114E+02
       6    4.93676859E-06    3.26168015E-04    3.26136394E-04    3.04955670E-02   -6.95122546E-04    6.29980265E-14    2.86117114E+02
       7    5.49493885E-06    3.96188297E-04    3.96109374E-04    7.71985975E-02   -8.42389058E-04    8.68734816E-14    2.86899235E+02
       8    5.93211583E-06    4.52652621E-04    4.52516271E-04    1.34070942E-01   -9.58794881E-04    1.09301847E-13    2.87566833E+02
       9    5.93211583E-06    4.52652621E-04    4.52516271E-04    1.34070942E-01   -9.58794881E-04    1.09301847E-13    2.87566833E+02
      10    5.93211583E-06    4.52652621E-04    4.52516271E-04    1.34070942E-01   -9.58794881E-04    1.09301847E-13    2.87566833E+02
      11    5.93211583E-06    4.52652621E-04    4.52516271E-04    1.34070942E-01   -9.58794881E-04    1.09301847E-13    2.87566833E+02
      12    6.92872868E-06    5.81383171E-04    5.81051681E-04    3.27864265E-01   -1.21723090E-03    1.74164365E-13    2.89161558E+02
      13    6.92872868E-06    5.81383171E-04    5.81051681E-04    3.27864265E-01   -1.21723090E-03    1.74164365E-13    2.89161558E+02
      14    6.92872868E-06    5.81383171E-04    5.81051681E-04    3.27864265E-01   -1.21723090E-03    1.74164365E-13    2.89161558E+02
      15    6.92872868E-06    5.81383171E-04    5.81051681E-04    3.27864265E-01   -1.21723090E-03    1.74164365E-13    2.89161558E+02
      16    6.92872868E-06    5.81383171E-04    5.81051681E-04    3.27864265E-01   -1.21723090E-03    1.74164365E-13    2.89161558E+02
      17    7.92646572E-06    7.03667767E-04    7.03074154E-04    5.88778192E-01   -1.45564756E-03    2.60757850E-13    2.90743933E+02
      18    7.92646572E-06    7.03667767E-04    7.03074154E-04    5.88778192E-01   -1.45564756E-03    2.60757850E-13    2.90743933E+02
      19    7.92646572E-06    7.03667767E-04    7.03074154E-04    5.88778192E-01   -1.45564756E-03    2.60757850E-13    2.90743933E+02
      20    7.92646572E-06    7.03667767E-04    7.03074154E-04    5.88778192E-01   -1.45564756E-03    2.60757850E-13    2.90743933E+02
      21    7.92646572E-06    7.03667767E-04    7.03074154E-04    5.88778192E-01   -1.45564756E-03    2.60757850E-13    2.90743933E+02
      22    8.92512013E-06    8.14936333E-04    8.14046317E-04    8.84245242E-01   -1.66832833E-03    3.72255262E-13    2.92237156E+02
      23    8.92512013E-06    8.14936333E-04    8.14046317E-04    8.84245242E-01   -1.66832833E-03    3.72255262E-13    2.92237156E+02
      24    8.92512013E-06    8.14936333E-04    8.14046317E-04    8.84245242E-01   -1.66832833E-03    3.72255262E-13    2.92237156E+02
      25    8.92512013E-06    8.14936333E-04    8.14046317E-04    8.84245242E-01   -1.66832833E-03    3.72255262E-13    2.92237156E+02
      26    8.92512013E-06    8.14936333E-04    8.14046317E-04    8.84245242E-01   -1.66832833E-03    3.72255262E-13    2.92237156E+02
      27    9.92449343E-06    9.13702844E-04    9.12508223E-04    1.18819257E+00   -1.85476500E-03    5.11827575E-13    2.93609591E+02
      28    9.92449343E-06    9.13702844E-04    9.12508223E-04    1.18819257E+00   -1.85476500E-03    5.11827575E-13    2.93609591E+02
      29    9.92449343E-06    9.13702844E-04    9.12508223E-04    1.18819257E+00   -1.85476500E-03    5.11827575E-13    2.93609591E+02
      30    9.92449343E-06    9.13702844E-04    9.12508223E-04    1.18819257E+00   -1.85476500E-03    5.11827575E-13    2.93609591E+02
      31    9.92449343E-06    9.13702844E-04    9.12508223E-04    1.18819257E+00   -1.85476500E-03    5.11827575E-13    2.93609591E+02
      32    1.09244200E-05    1.00021881E-03    9.98728015E-04    1.48394140E+00   -2.01686406E-03    6.82643249E-13    2.94853039E+02
      33    1.09244200E-05    1.00021881E-03    9.98728015E-04    1.48394140E+00   -2.01686406E-03    6.82643249E-13    2.94853039E+02
      34    1.09244200E-05    1.00021881E-03    9.98728015E-04    1.48394140E+00   -2.01686406E-03    6.82643249E-13    2.94853039E+02
      35    1.09244200E-05    1.00021881E-03    9.98728015E-04    1.48394140E+00   -2.01686406E-03    6.82643249E-13    2.94853039E+02
      36    1.09244200E-05    1.00021881E-03    9.98728015E-04    1.48394140E+00   -2.01686406E-03    6.82643249E-13    2.94853039E+02
      37    1.19247632E-05    1.07553705E-03    1.07376761E-03    1.76233505E+00   -2.15740487E-03    8.87867020E-13    2.95970907E+02
      38    1.19247632E-05    1.07553705E-03    1.07376761E-03    1.76233505E+00   -2.15740487E-03    8.87867020E-13    2.95970907E+02
      39    1.19247632E-05    1.07553705E-03    1.07376761E-03    1.76233505E+00   -2.15740487E-03    8.87867020E-13    2.95970907E+02
      40    1.19247632E-05    1.07553705E-03    1.07376761E-03    1.76233505E+00   -2.15740487E-03    8.87867020E-13    2.95970907E+02
      41    1.29254147E-05    1.14098349E-03    1.13895707E-03    2.01921326E+00   -2.27929059E-03    1.13066016E-12    2.96971951E+02
      42    1.29254147E-05    1.14098349E-03    1.13895707E-03    2.01921326E+00   -2.27929059E-03    1.13066016E-12    2.96971951E+02
      43    1.29254147E-05    1.14098349E-03    1.13895707E-03    2.01921326E+00   -2.27929059E-03    1.13066016E-12    2.96971951E+02
      44    1.29254147E-05    1.14098349E-03    1.13895707E-03    2.01921326E+00   -2.27929059E-03    1.13066016E-12    2.96971951E+02
      45    1.39262924E-05    1.19789279E-03    1.19563213E-03    2.25342569E+00   -2.38522156E-03    1.41418154E-12    2.97866985E+02
      46    1.39262924E-05    1.19789279E-03    1.19563213E-03    2.25342569E+00   -2.38522156E-03    1.41418154E-12    2.97866985E+02
      47    1.39262924E-05    1.19789279E-03    1.19563213E-03    2.25342569E+00   -2.38522156E-03    1.41418154E-12    2.97866985E+02
      48    1.39262924E-05    1.19789279E-03    1.19563213E-03    2.25342569E+00   -2.38522156E-03    1.41418154E-12    2.97866985E+02
      49    1.49273297E-05    1.24749092E-03    1.24501822E-03    2.46550201E+00   -2.47757753E-03    1.74158634E-12    2.98667180E+02
      50    1.49273297E-05    1.24749092E-03    1.24501822E-03    2.46550201E+00   -2.47757753E-03    1.74158634E-12    2.98667180E+02
      51    1.49273297E-05    1.24749092E-03    1.24501822E-03    2.46550201E+00   -2.47757753E-03    1.74158634E-12    2.98667180E+02
      52    1.49273297E-05    1.24749092E-03    1.24501822E-03    2.46550201E+00   -2.47757753E-03    1.74158634E-12    2.98667180E+02
      53    1.50387051E-05    1.25260525E-03    1.25011028E-03    2.48778319E+00   -2.48710518E-03    1.78086075E-12    2.98750814E+02
      54    1.59284785E-05    1.29085482E-03    1.28819087E-03    2.65683126E+00   -2.55839953E-03    2.11602849E-12    2.99383224E+02
      55    1.59284785E-05    1.29085482E-03    1.28819087E-03    2.65683126E+00   -2.55839953E-03    2.11602849E-12    2.99383224E+02
      56    1.59284785E-05    1.29085482E-03    1.28819087E-03    2.65683126E+00   -2.55839953E-03    2.11602849E-12    2.99383224E+02
      57    1.59284785E-05    1.29085482E-03    1.28819087E-03    2.65683126E+00   -2.55839953E-03    2.11602849E-12    2.99383224E+02
      58    1.69296997E-05    1.32890785E-03    1.32607166E-03    2.82917491E+00   -2.62941265E-03    2.54065910E-12    3.00024934E+02
      59    1.69296997E-05    1.32890785E-03    1.32607166E-03    2.82917491E+00   -2.62941265E-03    2.54065910E-12    3.00024934E+02
      60    1.69296997E-05    1.32890785E-03    1.32607166E-03    2.82917491E+00   -2.62941265E-03    2.54065910E-12    3.00024934E+02
      61    1.79309644E-05    1.36243179E-03    1.35944051E-03    2.98439270E+00   -2.69206486E-03    3.01862787E-12    3.00601130E+02
      62    1.79309644E-05    1.36243179E-03    1.35944051E-03    2.98439270E+00   -2.69206486E-03    3.01862787E-12    3.00601130E+02
      63    1.79309644E-05    1.36243179E-03    1.35944051E-03    2.98439270E+00   -2.69206486E-03    3.01862787E-12    3.00601130E+02
      64    1.89322488E-05    1.39208431E-03    1.38895326E-03    3.12429395E+00   -2.74756798E-03    3.55308211E-12    3.01119618E+02
      65    1.89322488E-05    1.39208431E-03    1.38895326E-03    3.12429395E+00   -2.74756798E-03    3.55308211E-12    3.01119618E+02
      66    1.89322488E-05    1.39208431E-03    1.38895326E-03    3.12429395E+00   -2.74756798E-03    3.55308211E-12    3.01119618E+02
      67    1.99335401E-05    1.41841747E-03    1.41516028E-03    3.25056493E+00   -2.79693638E-03    4.14717096E-12    3.01587262E+02
      68    1.99335401E-05    1.41841747E-03    1.41516028E-03    3.25056493E+00   -2.79693638E-03    4.14717096E-12    3.01587262E+02
      69    1.99335401E-05    1.41841747E-03    1.41516028E-03    3.25056493E+00   -2.79693638E-03    4.14717096E-12    3.01587262E+02
      70    2.09348243E-05    1.44189439E-03    1.43852316E-03    3.36473645E+00   -2.84101979E-03    4.80403979E-12    3.02010056E+02
      71    2.09348243E-05    1.44189439E-03    1.43852316E-03    3.36473645E+00   -2.84101979E-03    4.80403979E-12    3.02010056E+02
      72    2.19360923E-05    1.46290431E-03    1.45942976E-03    3.46817778E+00   -2.88053219E-03    5.52683409E-12    3.02393228E+02
      73    2.19360923E-05    1.46290431E-03    1.45942976E-03    3.46817778E+00   -2.88053219E-03    5.52683409E-12    3.02393228E+02
      74    2.29373375E-05    1.48177513E-03    1.47820679E-03    3.56210195E+00   -2.91607523E-03    6.31869875E-12    3.02741333E+02
      75    2.29373375E-05    1.48177513E-03    1.47820679E-03    3.56210195E+00   -2.91607523E-03    6.31869875E-12    3.02741333E+02
      76    2.39385554E-05    1.49878393E-03    1.49513023E-03    3.64757750E+00   -2.94815771E-03    7.18277813E-12    3.03058336E+02
      77    2.39385554E-05    1.49878393E-03    1.49513023E-03    3.64757750E+00   -2.94815771E-03    7.18277813E-12    3.03058336E+02
      78    2.49397410E-05    1.51416562E-03    1.51043407E-03    3.72554246E+00   -2.97721143E-03    8.12221441E-12    3.03347692E+02
      79    2.49397410E-05    1.51416562E-03    1.51043407E-03    3.72554246E+00   -2.97721143E-03    8.12221441E-12    3.03347692E+02
      80    2.59408958E-05    1.52812016E-03    1.52431745E-03    3.79681960E+00   -3.00360449E-03    9.14015459E-12    3.03612419E+02
      81    2.59408958E-05    1.52812016E-03    1.52431745E-03    3.79681960E+00   -3.00360449E-03    9.14015459E-12    3.03612419E+02
      82    2.69420168E-05    1.54081829E-03    1.53695038E-03    3.86212958E+00   -3.02765157E-03    1.02397403E-11    3.03855151E+02
      83    2.79431036E-05    1.55240641E-03    1.54847862E-03    3.92210433E+00   -3.04962292E-03    1.14241147E-11    3.04078197E+02
      84    2.89441559E-05    1.56301049E-03    1.55902760E-03    3.97729845E+00   -3.06975146E-03    1.26964206E-11    3.04283581E+02
      85    2.99451723E-05    1.57273933E-03    1.56870563E-03    4.02819927E+00   -3.08823864E-03    1.40597981E-11    3.04473082E+02
      86    3.09461571E-05    1.58168730E-03    1.57760665E-03    4.07523606E+00   -3.10525943E-03    1.55173948E-11    3.04648270E+02
      87    3.19471090E-05    1.58993643E-03    1.58581230E-03    4.11878720E+00   -3.12096618E-03    1.70723507E-11    3.04810528E+02
      88    3.29480290E-05    1.59755832E-03    1.59339387E-03    4.15918716E+00   -3.13549208E-03    1.87278082E-11    3.04961082E+02
      89    3.39489181E-05    1.60461569E-03    1.60041376E-03    4.19673217E+00   -3.14895392E-03    2.04869095E-11    3.05101020E+02
      90    3.49497773E-05    1.61116362E-03    1.60692681E-03    4.23168512E+00   -3.16145446E-03    2.23527969E-11    3.05231307E+02
      91    3.59506077E-05    1.61725067E-03    1.61298133E-03    4.26427986E+00   -3.17308434E-03    2.43286125E-11    3.05352804E+02
      92    3.69514103E-05    1.62291972E-03    1.61861999E-03    4.29472482E+00   -3.18392377E-03    2.64174983E-11    3.05466281E+02
      93    3.79521826E-05    1.62820878E-03    1.62388063E-03    4.32320608E+00   -3.19404392E-03    2.86225883E-11    3.05572425E+02
      94    3.89529329E-05    1.63315168E-03    1.62879690E-03    4.34989050E+00   -3.20350817E-03    3.09470404E-11    3.05671853E+02
      95    3.99536586E-05    1.63777850E-03    1.63339873E-03    4.37492747E+00   -3.21237300E-03    3.33939888E-11    3.05765118E+02
      96    4.09543607E-05    1.64211613E-03    1.63771289E-03    4.39845137E+00   -3.22068892E-03    3.59665754E-11    3.05852719E+02
      97    5.18999161E-05    1.67605064E-03    1.67146202E-03    4.58422267E+00   -3.28593010E-03    7.31978966E-11    3.06542659E+02
      98    5.40860503E-05    1.68075475E-03    1.67614019E-03    4.61021937E+00   -3.29500143E-03    8.28427367E-11    3.06638761E+02
      99    6.94535089E-05    1.70344578E-03    1.69870526E-03    4.73646433E+00   -3.33886245E-03    1.75420850E-10    3.07102327E+02
     100    8.18602745E-05    1.71407288E-03    1.70927288E-03    4.79607689E+00   -3.35946832E-03    2.87222346E-10    3.07318350E+02
