 % Time.............:    6.8999999825791747E-004
 % Distribution.....:            0
 % Fluid flag.......:            0
 % Vaporization flag:            1
 % Temperature flag.:   -1.32555305E+24
 %    ID      Diameter         X position        Y position        X velocity       Y velocity           Mass            Temperature
       1    2.13808522E-06    1.20779052E-04    1.20778916E-04    4.81683899E-16   -1.35462840E-04    5.11768640E-15    3.08000000E+02
       2    2.80325948E-06    1.63905354E-04    1.63905121E-04    1.62558931E-10   -2.32847736E-04    1.15342280E-14    3.08000000E+02
       3    3.39115665E-06    2.11203384E-04    2.11203043E-04    1.16349488E-07   -3.40732433E-04    2.04193631E-14    3.08000000E+02
       4    3.39115665E-06    2.11203384E-04    2.11203043E-04    1.16349488E-07   -3.40732433E-04    2.04193631E-14    3.08000000E+02
       5    4.51658621E-06    3.25120773E-04    3.25120049E-04    1.17545735E-04   -6.04196519E-04    4.82424711E-14    3.08000000E+02
       6    4.51658621E-06    3.25120773E-04    3.25120049E-04    1.17545735E-04   -6.04196519E-04    4.82424711E-14    3.08000000E+02
       7    4.51658621E-06    3.25120773E-04    3.25120049E-04    1.17545735E-04   -6.04196519E-04    4.82424711E-14    3.08000000E+02
       8    5.59200128E-06    4.61499395E-04    4.61494977E-04    3.45769453E-03   -9.22111263E-04    9.15588693E-14    3.08000000E+02
       9    5.59200128E-06    4.61499395E-04    4.61494977E-04    3.45769453E-03   -9.22111263E-04    9.15588693E-14    3.08000000E+02
      10    5.59200128E-06    4.61499395E-04    4.61494977E-04    3.45769453E-03   -9.22111263E-04    9.15588693E-14    3.08000000E+02
      11    5.59200128E-06    4.61499395E-04    4.61494977E-04    3.45769453E-03   -9.22111263E-04    9.15588693E-14    3.08000000E+02
      12    6.64251757E-06    6.17564686E-04    6.17539445E-04    2.37766530E-02   -1.28020634E-03    1.53460557E-13    3.08000000E+02
      13    6.64251757E-06    6.17564686E-04    6.17539445E-04    2.37766530E-02   -1.28020634E-03    1.53460557E-13    3.08000000E+02
      14    6.64251757E-06    6.17564686E-04    6.17539445E-04    2.37766530E-02   -1.28020634E-03    1.53460557E-13    3.08000000E+02
      15    6.64251757E-06    6.17564686E-04    6.17539445E-04    2.37766530E-02   -1.28020634E-03    1.53460557E-13    3.08000000E+02
      16    6.64251757E-06    6.17564686E-04    6.17539445E-04    2.37766530E-02   -1.28020634E-03    1.53460557E-13    3.08000000E+02
      17    7.67909632E-06    7.87323593E-04    7.87241513E-04    7.99567849E-02   -1.65656160E-03    2.37098594E-13    3.08000000E+02
      18    7.67909632E-06    7.87323593E-04    7.87241513E-04    7.99567849E-02   -1.65656160E-03    2.37098594E-13    3.08000000E+02
      19    7.67909632E-06    7.87323593E-04    7.87241513E-04    7.99567849E-02   -1.65656160E-03    2.37098594E-13    3.08000000E+02
      20    7.67909632E-06    7.87323593E-04    7.87241513E-04    7.99567849E-02   -1.65656160E-03    2.37098594E-13    3.08000000E+02
      21    7.67909632E-06    7.87323593E-04    7.87241513E-04    7.99567849E-02   -1.65656160E-03    2.37098594E-13    3.08000000E+02
      22    8.70714285E-06    9.62940983E-04    9.62756918E-04    1.81201057E-01   -2.03076080E-03    3.45641310E-13    3.08000000E+02
      23    8.70714285E-06    9.62940983E-04    9.62756918E-04    1.81201057E-01   -2.03076080E-03    3.45641310E-13    3.08000000E+02
      24    8.70714285E-06    9.62940983E-04    9.62756918E-04    1.81201057E-01   -2.03076080E-03    3.45641310E-13    3.08000000E+02
      25    8.70714285E-06    9.62940983E-04    9.62756918E-04    1.81201057E-01   -2.03076080E-03    3.45641310E-13    3.08000000E+02
      26    8.70714285E-06    9.62940983E-04    9.62756918E-04    1.81201057E-01   -2.03076080E-03    3.45641310E-13    3.08000000E+02
      27    9.72957549E-06    1.13721148E-03    1.13688369E-03    3.24188725E-01   -2.38890950E-03    4.82258966E-13    3.08000000E+02
      28    9.72957549E-06    1.13721148E-03    1.13688369E-03    3.24188725E-01   -2.38890950E-03    4.82258966E-13    3.08000000E+02
      29    9.72957549E-06    1.13721148E-03    1.13688369E-03    3.24188725E-01   -2.38890950E-03    4.82258966E-13    3.08000000E+02
      30    9.72957549E-06    1.13721148E-03    1.13688369E-03    3.24188725E-01   -2.38890950E-03    4.82258966E-13    3.08000000E+02
      31    9.72957549E-06    1.13721148E-03    1.13688369E-03    3.24188725E-01   -2.38890950E-03    4.82258966E-13    3.08000000E+02
      32    1.07480904E-05    1.30487357E-03    1.30437050E-03    4.98787878E-01   -2.72345712E-03    6.50118557E-13    3.08000000E+02
      33    1.07480904E-05    1.30487357E-03    1.30437050E-03    4.98787878E-01   -2.72345712E-03    6.50118557E-13    3.08000000E+02
      34    1.07480904E-05    1.30487357E-03    1.30437050E-03    4.98787878E-01   -2.72345712E-03    6.50118557E-13    3.08000000E+02
      35    1.07480904E-05    1.30487357E-03    1.30437050E-03    4.98787878E-01   -2.72345712E-03    6.50118557E-13    3.08000000E+02
      36    1.07480904E-05    1.30487357E-03    1.30437050E-03    4.98787878E-01   -2.72345712E-03    6.50118557E-13    3.08000000E+02
      37    1.17637344E-05    1.46271574E-03    1.46201734E-03    6.93520240E-01   -3.03131475E-03    8.52381988E-13    3.08000000E+02
      38    1.17637344E-05    1.46271574E-03    1.46201734E-03    6.93520240E-01   -3.03131475E-03    8.52381988E-13    3.08000000E+02
      39    1.17637344E-05    1.46271574E-03    1.46201734E-03    6.93520240E-01   -3.03131475E-03    8.52381988E-13    3.08000000E+02
      40    1.17637344E-05    1.46271574E-03    1.46201734E-03    6.93520240E-01   -3.03131475E-03    8.52381988E-13    3.08000000E+02
      41    1.27771919E-05    1.60915067E-03    1.60824691E-03    8.98371548E-01   -3.31209714E-03    1.09220683E-12    3.08000000E+02
      42    1.27771919E-05    1.60915067E-03    1.60824691E-03    8.98371548E-01   -3.31209714E-03    1.09220683E-12    3.08000000E+02
      43    1.27771919E-05    1.60915067E-03    1.60824691E-03    8.98371548E-01   -3.31209714E-03    1.09220683E-12    3.08000000E+02
      44    1.27771919E-05    1.60915067E-03    1.60824691E-03    8.98371548E-01   -3.31209714E-03    1.09220683E-12    3.08000000E+02
      45    1.37889349E-05    1.74370551E-03    1.74259404E-03    1.10565785E+00   -3.56690107E-03    1.37274794E-12    3.08000000E+02
      46    1.37889349E-05    1.74370551E-03    1.74259404E-03    1.10565785E+00   -3.56690107E-03    1.37274794E-12    3.08000000E+02
      47    1.37889349E-05    1.74370551E-03    1.74259404E-03    1.10565785E+00   -3.56690107E-03    1.37274794E-12    3.08000000E+02
      48    1.37889349E-05    1.74370551E-03    1.74259404E-03    1.10565785E+00   -3.56690107E-03    1.37274794E-12    3.08000000E+02
      49    1.47992974E-05    1.86660026E-03    1.86528416E-03    1.30994637E+00   -3.79754732E-03    1.69715665E-12    3.08000000E+02
      50    1.47992974E-05    1.86660026E-03    1.86528416E-03    1.30994637E+00   -3.79754732E-03    1.69715665E-12    3.08000000E+02
      51    1.47992974E-05    1.86660026E-03    1.86528416E-03    1.30994637E+00   -3.79754732E-03    1.69715665E-12    3.08000000E+02
      52    1.47992974E-05    1.86660026E-03    1.86528416E-03    1.30994637E+00   -3.79754732E-03    1.69715665E-12    3.08000000E+02
      53    1.58085292E-05    1.97844902E-03    1.97693493E-03    1.50764833E+00   -4.00614197E-03    2.06858337E-12    3.08000000E+02
      54    1.58085292E-05    1.97844902E-03    1.97693493E-03    1.50764833E+00   -4.00614197E-03    2.06858337E-12    3.08000000E+02
      55    1.58085292E-05    1.97844902E-03    1.97693493E-03    1.50764833E+00   -4.00614197E-03    2.06858337E-12    3.08000000E+02
      56    1.58085292E-05    1.97844902E-03    1.97693493E-03    1.50764833E+00   -4.00614197E-03    2.06858337E-12    3.08000000E+02
      57    1.68168176E-05    2.08006172E-03    2.07835849E-03    1.69656332E+00   -4.19482958E-03    2.49017619E-12    3.08000000E+02
      58    1.68168176E-05    2.08006172E-03    2.07835849E-03    1.69656332E+00   -4.19482958E-03    2.49017619E-12    3.08000000E+02
      59    1.68168176E-05    2.08006172E-03    2.07835849E-03    1.69656332E+00   -4.19482958E-03    2.49017619E-12    3.08000000E+02
      60    1.78243091E-05    2.17232160E-03    2.17043927E-03    1.87548651E+00   -4.36566477E-03    2.96508226E-12    3.08000000E+02
      61    1.78243091E-05    2.17232160E-03    2.17043927E-03    1.87548651E+00   -4.36566477E-03    2.96508226E-12    3.08000000E+02
      62    1.78243091E-05    2.17232160E-03    2.17043927E-03    1.87548651E+00   -4.36566477E-03    2.96508226E-12    3.08000000E+02
      63    1.88311177E-05    2.25611196E-03    2.25406107E-03    2.04390056E+00   -4.52054960E-03    3.49644685E-12    3.08000000E+02
      64    1.88311177E-05    2.25611196E-03    2.25406107E-03    2.04390056E+00   -4.52054960E-03    3.49644685E-12    3.08000000E+02
      65    1.88311177E-05    2.25611196E-03    2.25406107E-03    2.04390056E+00   -4.52054960E-03    3.49644685E-12    3.08000000E+02
      66    1.98373407E-05    2.33227605E-03    2.33006719E-03    2.20174928E+00   -4.66121051E-03    4.08741744E-12    3.08000000E+02
      67    1.98373407E-05    2.33227605E-03    2.33006719E-03    2.20174928E+00   -4.66121051E-03    4.08741744E-12    3.08000000E+02
      68    1.98373407E-05    2.33227605E-03    2.33006719E-03    2.20174928E+00   -4.66121051E-03    4.08741744E-12    3.08000000E+02
      69    2.08430526E-05    2.40159560E-03    2.39923913E-03    2.34927269E+00   -4.78919372E-03    4.74113812E-12    3.08000000E+02
      70    2.08430526E-05    2.40159560E-03    2.39923913E-03    2.34927269E+00   -4.78919372E-03    4.74113812E-12    3.08000000E+02
      71    2.18483165E-05    2.46478304E-03    2.46228888E-03    2.48689415E+00   -4.90587429E-03    5.46075346E-12    3.08000000E+02
      72    2.18483165E-05    2.46478304E-03    2.46228888E-03    2.48689415E+00   -4.90587429E-03    5.46075346E-12    3.08000000E+02
      73    2.28531853E-05    2.52248016E-03    2.51985769E-03    2.61514149E+00   -5.01246925E-03    6.24940766E-12    3.08000000E+02
      74    2.28531853E-05    2.52248016E-03    2.51985769E-03    2.61514149E+00   -5.01246925E-03    6.24940766E-12    3.08000000E+02
      75    2.38577034E-05    2.57526079E-03    2.57251883E-03    2.73459393E+00   -5.11005286E-03    7.11024461E-12    3.08000000E+02
      76    2.38577034E-05    2.57526079E-03    2.57251883E-03    2.73459393E+00   -5.11005286E-03    7.11024461E-12    3.08000000E+02
      77    2.48619071E-05    2.62363557E-03    2.62078234E-03    2.84584669E+00   -5.19957211E-03    8.04640621E-12    3.08000000E+02
      78    2.48619071E-05    2.62363557E-03    2.62078234E-03    2.84584669E+00   -5.19957211E-03    8.04640621E-12    3.08000000E+02
      79    2.58658325E-05    2.66805797E-03    2.66510107E-03    2.94948905E+00   -5.28186212E-03    9.06103932E-12    3.08000000E+02
      80    2.58658325E-05    2.66805797E-03    2.66510107E-03    2.94948905E+00   -5.28186212E-03    9.06103932E-12    3.08000000E+02
      81    2.60554053E-05    2.67603759E-03    2.67306192E-03    2.96825558E+00   -5.29665366E-03    9.26173038E-12    3.08000000E+02
      82    2.68695056E-05    2.70892960E-03    2.70587608E-03    3.04608885E+00   -5.35765885E-03    1.01572856E-11    3.08000000E+02
      83    2.78729510E-05    2.74660625E-03    2.74346263E-03    3.13618504E+00   -5.42761198E-03    1.13382881E-11    3.08000000E+02
      84    2.88761898E-05    2.78140316E-03    2.77817544E-03    3.22028302E+00   -5.49229564E-03    1.26071900E-11    3.08000000E+02
      85    2.98792388E-05    2.81359970E-03    2.81029340E-03    3.29885267E+00   -5.55221783E-03    1.39671315E-11    3.08000000E+02
      86    3.08821181E-05    2.84344394E-03    2.84006418E-03    3.37232889E+00   -5.60782921E-03    1.54212604E-11    3.08000000E+02
      87    3.18848403E-05    2.87115616E-03    2.86770762E-03    3.44111169E+00   -5.65952971E-03    1.69727171E-11    3.08000000E+02
      88    3.28874184E-05    2.89693242E-03    2.89341942E-03    3.50556842E+00   -5.70767525E-03    1.86246443E-11    3.08000000E+02
      89    3.38898639E-05    2.92094744E-03    2.91737398E-03    3.56603564E+00   -5.75258313E-03    2.03801844E-11    3.08000000E+02
      90    3.48921871E-05    2.94335724E-03    2.93972700E-03    3.62282128E+00   -5.79453676E-03    2.22424801E-11    3.08000000E+02
      91    3.58943971E-05    2.96430133E-03    2.96061772E-03    3.67620687E+00   -5.83378977E-03    2.42146739E-11    3.08000000E+02
      92    3.68965024E-05    2.98390472E-03    2.98017088E-03    3.72644969E+00   -5.87056957E-03    2.62999082E-11    3.08000000E+02
      93    3.78985068E-05    3.00227956E-03    2.99849839E-03    3.77378468E+00   -5.90508034E-03    2.85013171E-11    3.08000000E+02
      94    3.89004243E-05    3.01952686E-03    3.01570106E-03    3.81842708E+00   -5.93750622E-03    3.08220591E-11    3.08000000E+02
      95    3.99022575E-05    3.03573745E-03    3.03186952E-03    3.86057319E+00   -5.96801292E-03    3.32652687E-11    3.08000000E+02
      96    4.09040121E-05    3.05099335E-03    3.04708560E-03    3.90040279E+00   -5.99675023E-03    3.58340881E-11    3.08000000E+02
      97    6.82154001E-05    3.26813006E-03    3.26363820E-03    4.48476540E+00   -6.40911635E-03    1.66205705E-10    3.08000000E+02
      98    7.84529822E-05    3.30347302E-03    3.29888298E-03    4.58300115E+00   -6.47693898E-03    2.52829069E-10    3.08000000E+02
      99    8.97285308E-05    3.33088822E-03    3.32622142E-03    4.65981554E+00   -6.52971245E-03    3.78259902E-10    3.08000000E+02
     100    9.87296889E-05    3.34717908E-03    3.34246640E-03    4.70571737E+00   -6.56114451E-03    5.03897194E-10    3.08000000E+02
