 % Time.............:    9.3999999762672815E-004
 % Distribution.....:            0
 % Fluid flag.......:            0
 % Vaporization flag:            1
 % Temperature flag.:   -1.32555305E+24
 %    ID      Diameter         X position        Y position        X velocity       Y velocity           Mass            Temperature
       1    1.72961998E-06    1.20779052E-04    1.20778963E-04    2.46155400E-26   -8.86510496E-05    2.70926019E-15    3.08000000E+02
       2    2.50557770E-06    1.63905354E-04    1.63905168E-04    7.68837685E-16   -1.86025738E-04    8.23611231E-15    3.08000000E+02
       3    3.14942928E-06    2.11203388E-04    2.11203094E-04    3.87727781E-11   -2.93895949E-04    1.63566445E-14    3.08000000E+02
       4    3.14942928E-06    2.11203388E-04    2.11203094E-04    3.87727781E-11   -2.93895949E-04    1.63566445E-14    3.08000000E+02
       5    4.33784107E-06    3.25127674E-04    3.25127114E-04    1.53727252E-06   -5.57451823E-04    4.27385264E-14    3.08000000E+02
       6    4.33784107E-06    3.25127674E-04    3.25127114E-04    1.53727252E-06   -5.57451823E-04    4.27385264E-14    3.08000000E+02
       7    4.33784107E-06    3.25127674E-04    3.25127114E-04    1.53727252E-06   -5.57451823E-04    4.27385264E-14    3.08000000E+02
       8    5.44830487E-06    4.61795589E-04    4.61794494E-04    2.14050416E-04   -8.78887242E-04    8.46803878E-14    3.08000000E+02
       9    5.44830487E-06    4.61795589E-04    4.61794494E-04    2.14050416E-04   -8.78887242E-04    8.46803878E-14    3.08000000E+02
      10    5.44830487E-06    4.61795589E-04    4.61794494E-04    2.14050416E-04   -8.78887242E-04    8.46803878E-14    3.08000000E+02
      11    5.44830487E-06    4.61795589E-04    4.61794494E-04    2.14050416E-04   -8.78887242E-04    8.46803878E-14    3.08000000E+02
      12    6.52082106E-06    6.20194331E-04    6.20189698E-04    3.35231587E-03   -1.25342305E-03    1.45179562E-13    3.08000000E+02
      13    6.52082106E-06    6.20194331E-04    6.20189698E-04    3.35231587E-03   -1.25342305E-03    1.45179562E-13    3.08000000E+02
      14    6.52082106E-06    6.20194331E-04    6.20189698E-04    3.35231587E-03   -1.25342305E-03    1.45179562E-13    3.08000000E+02
      15    6.52082106E-06    6.20194331E-04    6.20189698E-04    3.35231587E-03   -1.25342305E-03    1.45179562E-13    3.08000000E+02
      16    6.52082106E-06    6.20194331E-04    6.20189698E-04    3.35231587E-03   -1.25342305E-03    1.45179562E-13    3.08000000E+02
      17    7.57220252E-06    7.97858289E-04    7.97838081E-04    1.84307039E-02   -1.66734543E-03    2.27334473E-13    3.08000000E+02
      18    7.57220252E-06    7.97858289E-04    7.97838081E-04    1.84307039E-02   -1.66734543E-03    2.27334473E-13    3.08000000E+02
      19    7.57220252E-06    7.97858289E-04    7.97838081E-04    1.84307039E-02   -1.66734543E-03    2.27334473E-13    3.08000000E+02
      20    7.57220252E-06    7.97858289E-04    7.97838081E-04    1.84307039E-02   -1.66734543E-03    2.27334473E-13    3.08000000E+02
      21    7.57220252E-06    7.97858289E-04    7.97838081E-04    1.84307039E-02   -1.66734543E-03    2.27334473E-13    3.08000000E+02
      22    8.61082802E-06    9.89938761E-04    9.89879006E-04    5.73878498E-02   -2.10143701E-03    3.34297694E-13    3.08000000E+02
      23    8.61082802E-06    9.89938761E-04    9.89879006E-04    5.73878498E-02   -2.10143701E-03    3.34297694E-13    3.08000000E+02
      24    8.61082802E-06    9.89938761E-04    9.89879006E-04    5.73878498E-02   -2.10143701E-03    3.34297694E-13    3.08000000E+02
      25    8.61082802E-06    9.89938761E-04    9.89879006E-04    5.73878498E-02   -2.10143701E-03    3.34297694E-13    3.08000000E+02
      26    8.61082802E-06    9.89938761E-04    9.89879006E-04    5.73878498E-02   -2.10143701E-03    3.34297694E-13    3.08000000E+02
      27    9.64120772E-06    1.19000685E-03    1.18987620E-03    1.27632023E-01   -2.53725066E-03    4.69237761E-13    3.08000000E+02
      28    9.64120772E-06    1.19000685E-03    1.18987620E-03    1.27632023E-01   -2.53725066E-03    4.69237761E-13    3.08000000E+02
      29    9.64120772E-06    1.19000685E-03    1.18987620E-03    1.27632023E-01   -2.53725066E-03    4.69237761E-13    3.08000000E+02
      30    9.64120772E-06    1.19000685E-03    1.18987620E-03    1.27632023E-01   -2.53725066E-03    4.69237761E-13    3.08000000E+02
      31    9.64120772E-06    1.19000685E-03    1.18987620E-03    1.27632023E-01   -2.53725066E-03    4.69237761E-13    3.08000000E+02
      32    1.06659546E-05    1.39166898E-03    1.39143577E-03    2.29539320E-01   -2.96110114E-03    6.35327744E-13    3.08000000E+02
      33    1.06659546E-05    1.39166898E-03    1.39143577E-03    2.29539320E-01   -2.96110114E-03    6.35327744E-13    3.08000000E+02
      34    1.06659546E-05    1.39166898E-03    1.39143577E-03    2.29539320E-01   -2.96110114E-03    6.35327744E-13    3.08000000E+02
      35    1.06659546E-05    1.39166898E-03    1.39143577E-03    2.29539320E-01   -2.96110114E-03    6.35327744E-13    3.08000000E+02
      36    1.06659546E-05    1.39166898E-03    1.39143577E-03    2.29539320E-01   -2.96110114E-03    6.35327744E-13    3.08000000E+02
      37    1.16866634E-05    1.58967988E-03    1.58931709E-03    3.58490488E-01   -3.36447913E-03    8.35738185E-13    3.08000000E+02
      38    1.16866634E-05    1.58967988E-03    1.58931709E-03    3.58490488E-01   -3.36447913E-03    8.35738185E-13    3.08000000E+02
      39    1.16866634E-05    1.58967988E-03    1.58931709E-03    3.58490488E-01   -3.36447913E-03    8.35738185E-13    3.08000000E+02
      40    1.16866634E-05    1.58967988E-03    1.58931709E-03    3.58490488E-01   -3.36447913E-03    8.35738185E-13    3.08000000E+02
      41    1.27043580E-05    1.78029919E-03    1.77978654E-03    5.07756227E-01   -3.74293344E-03    1.07363536E-12    3.08000000E+02
      42    1.27043580E-05    1.78029919E-03    1.77978654E-03    5.07756227E-01   -3.74293344E-03    1.07363536E-12    3.08000000E+02
      43    1.27043580E-05    1.78029919E-03    1.77978654E-03    5.07756227E-01   -3.74293344E-03    1.07363536E-12    3.08000000E+02
      44    1.27043580E-05    1.78029919E-03    1.77978654E-03    5.07756227E-01   -3.74293344E-03    1.07363536E-12    3.08000000E+02
      45    1.37197281E-05    1.96117632E-03    1.96050040E-03    6.70498281E-01   -4.09475915E-03    1.35218200E-12    3.08000000E+02
      46    1.37197281E-05    1.96117632E-03    1.96050040E-03    6.70498281E-01   -4.09475915E-03    1.35218200E-12    3.08000000E+02
      47    1.37197281E-05    1.96117632E-03    1.96050040E-03    6.70498281E-01   -4.09475915E-03    1.35218200E-12    3.08000000E+02
      48    1.37197281E-05    1.96117632E-03    1.96050040E-03    6.70498281E-01   -4.09475915E-03    1.35218200E-12    3.08000000E+02
      49    1.47332525E-05    2.13105539E-03    2.13020874E-03    8.40756102E-01   -4.41995342E-03    1.67453618E-12    3.08000000E+02
      50    1.47332525E-05    2.13105539E-03    2.13020874E-03    8.40756102E-01   -4.41995342E-03    1.67453618E-12    3.08000000E+02
      51    1.47332525E-05    2.13105539E-03    2.13020874E-03    8.40756102E-01   -4.41995342E-03    1.67453618E-12    3.08000000E+02
      52    1.47332525E-05    2.13105539E-03    2.13020874E-03    8.40756102E-01   -4.41995342E-03    1.67453618E-12    3.08000000E+02
      53    1.57452810E-05    2.28946790E-03    2.28844783E-03    1.01376847E+00   -4.71950018E-03    2.04385405E-12    3.08000000E+02
      54    1.57452810E-05    2.28946790E-03    2.28844783E-03    1.01376847E+00   -4.71950018E-03    2.04385405E-12    3.08000000E+02
      55    1.57452810E-05    2.28946790E-03    2.28844783E-03    1.01376847E+00   -4.71950018E-03    2.04385405E-12    3.08000000E+02
      56    1.57452810E-05    2.28946790E-03    2.28844783E-03    1.01376847E+00   -4.71950018E-03    2.04385405E-12    3.08000000E+02
      57    1.67560718E-05    2.43647294E-03    2.43528033E-03    1.18594932E+00   -4.99490563E-03    2.46328847E-12    3.08000000E+02
      58    1.67560718E-05    2.43647294E-03    2.43528033E-03    1.18594932E+00   -4.99490563E-03    2.46328847E-12    3.08000000E+02
      59    1.67560718E-05    2.43647294E-03    2.43528033E-03    1.18594932E+00   -4.99490563E-03    2.46328847E-12    3.08000000E+02
      60    1.77658236E-05    2.57246258E-03    2.57110088E-03    1.35472434E+00   -5.24791320E-03    2.93599066E-12    3.08000000E+02
      61    1.77658236E-05    2.57246258E-03    2.57110088E-03    1.35472434E+00   -5.24791320E-03    2.93599066E-12    3.08000000E+02
      62    1.77658236E-05    2.57246258E-03    2.57110088E-03    1.35472434E+00   -5.24791320E-03    2.93599066E-12    3.08000000E+02
      63    1.87746896E-05    2.69802279E-03    2.69649721E-03    1.51833101E+00   -5.48033091E-03    3.46510924E-12    3.08000000E+02
      64    1.87746896E-05    2.69802279E-03    2.69649721E-03    1.51833101E+00   -5.48033091E-03    3.46510924E-12    3.08000000E+02
      65    1.87746896E-05    2.69802279E-03    2.69649721E-03    1.51833101E+00   -5.48033091E-03    3.46510924E-12    3.08000000E+02
      66    1.97827973E-05    2.81383987E-03    2.81215675E-03    1.67563241E+00   -5.69393331E-03    4.05379458E-12    3.08000000E+02
      67    1.97827973E-05    2.81383987E-03    2.81215675E-03    1.67563241E+00   -5.69393331E-03    4.05379458E-12    3.08000000E+02
      68    1.97827973E-05    2.81383987E-03    2.81215675E-03    1.67563241E+00   -5.69393331E-03    4.05379458E-12    3.08000000E+02
      69    2.07902451E-05    2.92063697E-03    2.91880331E-03    1.82595712E+00   -5.89040407E-03    4.70519320E-12    3.08000000E+02
      70    2.07902451E-05    2.92063697E-03    2.91880331E-03    1.82595712E+00   -5.89040407E-03    4.70519320E-12    3.08000000E+02
      71    2.17971153E-05    3.01913552E-03    3.01715867E-03    1.96897404E+00   -6.07131041E-03    5.42245177E-12    3.08000000E+02
      72    2.17971153E-05    3.01913552E-03    3.01715867E-03    1.96897404E+00   -6.07131041E-03    5.42245177E-12    3.08000000E+02
      73    2.28034764E-05    3.11003110E-03    3.10791848E-03    2.10459461E+00   -6.23809194E-03    6.20871627E-12    3.08000000E+02
      74    2.28034764E-05    3.11003110E-03    3.10791848E-03    2.10459461E+00   -6.23809194E-03    6.20871627E-12    3.08000000E+02
      75    2.38093858E-05    3.19397983E-03    3.19173876E-03    2.23289917E+00   -6.39205980E-03    7.06713217E-12    3.08000000E+02
      76    2.38093858E-05    3.19397983E-03    3.19173876E-03    2.23289917E+00   -6.39205980E-03    7.06713217E-12    3.08000000E+02
      77    2.48148907E-05    3.27159144E-03    3.26922907E-03    2.35408209E+00   -6.53440120E-03    8.00084272E-12    3.08000000E+02
      78    2.48148907E-05    3.27159144E-03    3.26922907E-03    2.35408209E+00   -6.53440120E-03    8.00084272E-12    3.08000000E+02
      79    2.58200362E-05    3.34342745E-03    3.34095064E-03    2.46841258E+00   -6.66618812E-03    9.01299598E-12    3.08000000E+02
      80    2.58200362E-05    3.34342745E-03    3.34095064E-03    2.46841258E+00   -6.66618812E-03    9.01299598E-12    3.08000000E+02
      81    2.60098311E-05    3.35638882E-03    3.35389115E-03    2.48926100E+00   -6.68997324E-03    9.21321555E-12    3.08000000E+02
      82    2.68248566E-05    3.41000060E-03    3.40741592E-03    2.57620429E+00   -6.78838497E-03    1.01067347E-11    3.08000000E+02
      83    2.78293830E-05    3.47177740E-03    3.46909104E-03    2.67779540E+00   -6.90185914E-03    1.12852028E-11    3.08000000E+02
      84    2.88336426E-05    3.52918076E-03    3.52639859E-03    2.77353367E+00   -7.00739008E-03    1.25515444E-11    3.08000000E+02
      85    2.98376572E-05    3.58259320E-03    3.57972073E-03    2.86376606E+00   -7.10567805E-03    1.39089004E-11    3.08000000E+02
      86    3.08414517E-05    3.63236065E-03    3.62940306E-03    2.94883247E+00   -7.19735306E-03    1.53604193E-11    3.08000000E+02
      87    3.18450427E-05    3.67879521E-03    3.67575735E-03    3.02906016E+00   -7.28298130E-03    1.69092421E-11    3.08000000E+02
      88    3.28484468E-05    3.72217879E-03    3.71906519E-03    3.10476160E+00   -7.36307265E-03    1.85585120E-11    3.08000000E+02
      89    3.38516787E-05    3.76276599E-03    3.75958087E-03    3.17623269E+00   -7.43808668E-03    2.03113722E-11    3.08000000E+02
      90    3.48547515E-05    3.80078684E-03    3.79753417E-03    3.24375206E+00   -7.50843801E-03    2.21709656E-11    3.08000000E+02
      91    3.58576772E-05    3.83644936E-03    3.83313283E-03    3.30758088E+00   -7.57450122E-03    2.41404352E-11    3.08000000E+02
      92    3.68604664E-05    3.86994184E-03    3.86656490E-03    3.36796322E+00   -7.63661513E-03    2.62229238E-11    3.08000000E+02
      93    3.78631251E-05    3.90143473E-03    3.89800060E-03    3.42512638E+00   -7.69508646E-03    2.84215661E-11    3.08000000E+02
      94    3.88656694E-05    3.93108295E-03    3.92759465E-03    3.47928243E+00   -7.75019400E-03    3.07395207E-11    3.08000000E+02
      95    3.98681036E-05    3.95902687E-03    3.95548720E-03    3.53062786E+00   -7.80219038E-03    3.31799226E-11    3.08000000E+02
      96    4.08704348E-05    3.98539419E-03    3.98180578E-03    3.57934527E+00   -7.85130561E-03    3.57459143E-11    3.08000000E+02
      97    6.81918340E-05    4.36810835E-03    4.36378329E-03    4.31584250E+00   -8.57121429E-03    1.66033509E-10    3.08000000E+02
      98    7.84315932E-05    4.43175681E-03    4.42730389E-03    4.44369236E+00   -8.69250287E-03    2.52622336E-10    3.08000000E+02
      99    8.97090380E-05    4.48140088E-03    4.47684716E-03    4.54449214E+00   -8.78748825E-03    3.78013433E-10    3.08000000E+02
     100    9.87114384E-05    4.51101545E-03    4.50640114E-03    4.60507829E+00   -8.84432282E-03    5.03617805E-10    3.08000000E+02
