 % Time.............:    5.1999999868712621E-004
 % Distribution.....:            0
 % Fluid flag.......:            0
 % Vaporization flag:            1
 % Temperature flag.:   -1.32555305E+24
 %    ID      Diameter         X position        Y position        X velocity       Y velocity           Mass            Temperature
       1    2.37609073E-06    1.20779052E-04    1.20778884E-04    5.46816890E-11   -1.67296970E-04    7.02405163E-15    3.08000000E+02
       2    2.98882390E-06    1.63905350E-04    1.63905085E-04    1.73345702E-07   -2.64690181E-04    1.39797569E-14    3.08000000E+02
       3    3.54615596E-06    2.11202854E-04    2.11202467E-04    1.45636813E-05   -3.72574824E-04    2.33492068E-14    3.08000000E+02
       4    3.54615596E-06    2.11202854E-04    2.11202467E-04    1.45636813E-05   -3.72574824E-04    2.33492068E-14    3.08000000E+02
       5    4.63429257E-06    3.25011635E-04    3.25009114E-04    1.85675548E-03   -6.34633072E-04    5.21133484E-14    3.08000000E+02
       6    4.63429257E-06    3.25011635E-04    3.25009114E-04    1.85675548E-03   -6.34633072E-04    5.21133484E-14    3.08000000E+02
       7    4.63429257E-06    3.25011635E-04    3.25009114E-04    1.85675548E-03   -6.34633072E-04    5.21133484E-14    3.08000000E+02
       8    5.68842365E-06    4.59817471E-04    4.59795057E-04    2.12476523E-02   -9.41751783E-04    9.63772287E-14    3.08000000E+02
       9    5.68842365E-06    4.59817471E-04    4.59795057E-04    2.12476523E-02   -9.41751783E-04    9.63772287E-14    3.08000000E+02
      10    5.68842365E-06    4.59817471E-04    4.59795057E-04    2.12476523E-02   -9.41751783E-04    9.63772287E-14    3.08000000E+02
      11    5.68842365E-06    4.59817471E-04    4.59795057E-04    2.12476523E-02   -9.41751783E-04    9.63772287E-14    3.08000000E+02
      12    6.72548569E-06    6.09218610E-04    6.09129414E-04    8.72607929E-02   -1.27035983E-03    1.59283061E-13    3.08000000E+02
      13    6.72548569E-06    6.09218610E-04    6.09129414E-04    8.72607929E-02   -1.27035983E-03    1.59283061E-13    3.08000000E+02
      14    6.72548569E-06    6.09218610E-04    6.09129414E-04    8.72607929E-02   -1.27035983E-03    1.59283061E-13    3.08000000E+02
      15    6.72548569E-06    6.09218610E-04    6.09129414E-04    8.72607929E-02   -1.27035983E-03    1.59283061E-13    3.08000000E+02
      16    6.72548569E-06    6.09218610E-04    6.09129414E-04    8.72607929E-02   -1.27035983E-03    1.59283061E-13    3.08000000E+02
      17    7.75285750E-06    7.64068697E-04    7.63851310E-04    2.14543370E-01   -1.59690933E-03    2.43996749E-13    3.08000000E+02
      18    7.75285750E-06    7.64068697E-04    7.63851310E-04    2.14543370E-01   -1.59690933E-03    2.43996749E-13    3.08000000E+02
      19    7.75285750E-06    7.64068697E-04    7.63851310E-04    2.14543370E-01   -1.59690933E-03    2.43996749E-13    3.08000000E+02
      20    7.75285750E-06    7.64068697E-04    7.63851310E-04    2.14543370E-01   -1.59690933E-03    2.43996749E-13    3.08000000E+02
      21    7.75285750E-06    7.64068697E-04    7.63851310E-04    2.14543370E-01   -1.59690933E-03    2.43996749E-13    3.08000000E+02
      22    8.77418347E-06    9.16141462E-04    9.15741686E-04    3.96038200E-01   -1.90592561E-03    3.53686732E-13    3.08000000E+02
      23    8.77418347E-06    9.16141462E-04    9.15741686E-04    3.96038200E-01   -1.90592561E-03    3.53686732E-13    3.08000000E+02
      24    8.77418347E-06    9.16141462E-04    9.15741686E-04    3.96038200E-01   -1.90592561E-03    3.53686732E-13    3.08000000E+02
      25    8.77418347E-06    9.16141462E-04    9.15741686E-04    3.96038200E-01   -1.90592561E-03    3.53686732E-13    3.08000000E+02
      26    8.77418347E-06    9.16141462E-04    9.15741686E-04    3.96038200E-01   -1.90592561E-03    3.53686732E-13    3.08000000E+02
      27    9.79144090E-06    1.05993964E-03    1.05932056E-03    6.14558861E-01   -2.18985401E-03    4.91516900E-13    3.08000000E+02
      28    9.79144090E-06    1.05993964E-03    1.05932056E-03    6.14558861E-01   -2.18985401E-03    4.91516900E-13    3.08000000E+02
      29    9.79144090E-06    1.05993964E-03    1.05932056E-03    6.14558861E-01   -2.18985401E-03    4.91516900E-13    3.08000000E+02
      30    9.79144090E-06    1.05993964E-03    1.05932056E-03    6.14558861E-01   -2.18985401E-03    4.91516900E-13    3.08000000E+02
      31    9.79144090E-06    1.05993964E-03    1.05932056E-03    6.14558861E-01   -2.18985401E-03    4.91516900E-13    3.08000000E+02
      32    1.08057979E-05    1.19259008E-03    1.19173223E-03    8.52681461E-01   -2.44634810E-03    6.60646523E-13    3.08000000E+02
      33    1.08057979E-05    1.19259008E-03    1.19173223E-03    8.52681461E-01   -2.44634810E-03    6.60646523E-13    3.08000000E+02
      34    1.08057979E-05    1.19259008E-03    1.19173223E-03    8.52681461E-01   -2.44634810E-03    6.60646523E-13    3.08000000E+02
      35    1.08057979E-05    1.19259008E-03    1.19173223E-03    8.52681461E-01   -2.44634810E-03    6.60646523E-13    3.08000000E+02
      36    1.08057979E-05    1.19259008E-03    1.19173223E-03    8.52681461E-01   -2.44634810E-03    6.60646523E-13    3.08000000E+02
      37    1.18179902E-05    1.31308002E-03    1.31197762E-03    1.09673019E+00   -2.67592255E-03    8.64230349E-13    3.08000000E+02
      38    1.18179902E-05    1.31308002E-03    1.31197762E-03    1.09673019E+00   -2.67592255E-03    8.64230349E-13    3.08000000E+02
      39    1.18179902E-05    1.31308002E-03    1.31197762E-03    1.09673019E+00   -2.67592255E-03    8.64230349E-13    3.08000000E+02
      40    1.18179902E-05    1.31308002E-03    1.31197762E-03    1.09673019E+00   -2.67592255E-03    8.64230349E-13    3.08000000E+02
      41    1.28285099E-05    1.42152279E-03    1.42017944E-03    1.33730489E+00   -2.88046532E-03    1.10541988E-12    3.08000000E+02
      42    1.28285099E-05    1.42152279E-03    1.42017944E-03    1.33730489E+00   -2.88046532E-03    1.10541988E-12    3.08000000E+02
      43    1.28285099E-05    1.42152279E-03    1.42017944E-03    1.33730489E+00   -2.88046532E-03    1.10541988E-12    3.08000000E+02
      44    1.28285099E-05    1.42152279E-03    1.42017944E-03    1.33730489E+00   -2.88046532E-03    1.10541988E-12    3.08000000E+02
      45    1.38377039E-05    1.51863305E-03    1.51705817E-03    1.56854048E+00   -3.06239986E-03    1.38736501E-12    3.08000000E+02
      46    1.38377039E-05    1.51863305E-03    1.51705817E-03    1.56854048E+00   -3.06239986E-03    1.38736501E-12    3.08000000E+02
      47    1.38377039E-05    1.51863305E-03    1.51705817E-03    1.56854048E+00   -3.06239986E-03    1.38736501E-12    3.08000000E+02
      48    1.38377039E-05    1.51863305E-03    1.51705817E-03    1.56854048E+00   -3.06239986E-03    1.38736501E-12    3.08000000E+02
      49    1.48458218E-05    1.60539642E-03    1.60360274E-03    1.78713844E+00   -3.22424393E-03    1.71321301E-12    3.08000000E+02
      50    1.48458218E-05    1.60539642E-03    1.60360274E-03    1.78713844E+00   -3.22424393E-03    1.71321301E-12    3.08000000E+02
      51    1.48458218E-05    1.60539642E-03    1.60360274E-03    1.78713844E+00   -3.22424393E-03    1.71321301E-12    3.08000000E+02
      52    1.48458218E-05    1.60539642E-03    1.60360274E-03    1.78713844E+00   -3.22424393E-03    1.71321301E-12    3.08000000E+02
      53    1.58530536E-05    1.68287917E-03    1.68088095E-03    1.99153834E+00   -3.36839565E-03    2.08611104E-12    3.08000000E+02
      54    1.58530536E-05    1.68287917E-03    1.68088095E-03    1.99153834E+00   -3.36839565E-03    2.08611104E-12    3.08000000E+02
      55    1.58530536E-05    1.68287917E-03    1.68088095E-03    1.99153834E+00   -3.36839565E-03    2.08611104E-12    3.08000000E+02
      56    1.58530536E-05    1.68287917E-03    1.68088095E-03    1.99153834E+00   -3.36839565E-03    2.08611104E-12    3.08000000E+02
      57    1.68595433E-05    1.75212432E-03    1.74993626E-03    2.18129757E+00   -3.49703920E-03    2.50920446E-12    3.08000000E+02
      58    1.68595433E-05    1.75212432E-03    1.74993626E-03    2.18129757E+00   -3.49703920E-03    2.50920446E-12    3.08000000E+02
      59    1.68595433E-05    1.75212432E-03    1.74993626E-03    2.18129757E+00   -3.49703920E-03    2.50920446E-12    3.08000000E+02
      60    1.78654044E-05    1.81410121E-03    1.81173773E-03    2.35666119E+00   -3.61211593E-03    2.98563826E-12    3.08000000E+02
      61    1.78654044E-05    1.81410121E-03    1.81173773E-03    2.35666119E+00   -3.61211593E-03    2.98563826E-12    3.08000000E+02
      62    1.78654044E-05    1.81410121E-03    1.81173773E-03    2.35666119E+00   -3.61211593E-03    2.98563826E-12    3.08000000E+02
      63    1.88707258E-05    1.86968443E-03    1.86715930E-03    2.51827312E+00   -3.71532686E-03    3.51855584E-12    3.08000000E+02
      64    1.88707258E-05    1.86968443E-03    1.86715930E-03    2.51827312E+00   -3.71532686E-03    3.51855584E-12    3.08000000E+02
      65    1.88707258E-05    1.86968443E-03    1.86715930E-03    2.51827312E+00   -3.71532686E-03    3.51855584E-12    3.08000000E+02
      66    1.98755847E-05    1.91964978E-03    1.91697594E-03    2.66698956E+00   -3.80815107E-03    4.11110319E-12    3.08000000E+02
      67    1.98755847E-05    1.91964978E-03    1.91697594E-03    2.66698956E+00   -3.80815107E-03    4.11110319E-12    3.08000000E+02
      68    1.98755847E-05    1.91964978E-03    1.91697594E-03    2.66698956E+00   -3.80815107E-03    4.11110319E-12    3.08000000E+02
      69    2.08800396E-05    1.96467774E-03    1.96186714E-03    2.80375808E+00   -3.89186808E-03    4.76642310E-12    3.08000000E+02
      70    2.08800396E-05    1.96467774E-03    1.96186714E-03    2.80375808E+00   -3.89186808E-03    4.76642310E-12    3.08000000E+02
      71    2.18841405E-05    2.00536183E-03    2.00242546E-03    2.92954512E+00   -3.96758322E-03    5.48765903E-12    3.08000000E+02
      72    2.18841405E-05    2.00536183E-03    2.00242546E-03    2.92954512E+00   -3.96758322E-03    5.48765903E-12    3.08000000E+02
      73    2.28879293E-05    2.04221792E-03    2.03916583E-03    3.04529187E+00   -4.03625081E-03    6.27795423E-12    3.08000000E+02
      74    2.28879293E-05    2.04221792E-03    2.03916583E-03    3.04529187E+00   -4.03625081E-03    6.27795423E-12    3.08000000E+02
      75    2.38914414E-05    2.07569375E-03    2.07253510E-03    3.15188955E+00   -4.09869532E-03    7.14045177E-12    3.08000000E+02
      76    2.38914414E-05    2.07569375E-03    2.07253510E-03    3.15188955E+00   -4.09869532E-03    7.14045177E-12    3.08000000E+02
      77    2.48947051E-05    2.10617784E-03    2.10292095E-03    3.25016681E+00   -4.15562994E-03    8.07829283E-12    3.08000000E+02
      78    2.48947051E-05    2.10617784E-03    2.10292095E-03    3.25016681E+00   -4.15562994E-03    8.07829283E-12    3.08000000E+02
      79    2.58977499E-05    2.13400773E-03    2.13066016E-03    3.34088560E+00   -4.20767311E-03    9.09462363E-12    3.08000000E+02
      80    2.58977499E-05    2.13400773E-03    2.13066016E-03    3.34088560E+00   -4.20767311E-03    9.09462363E-12    3.08000000E+02
      81    2.60871626E-05    2.13899042E-03    2.13562651E-03    3.35722820E+00   -4.21699807E-03    9.29563732E-12    3.08000000E+02
      82    2.69005962E-05    2.15947679E-03    2.15604541E-03    3.42473993E+00   -4.25536173E-03    1.01925853E-11    3.08000000E+02
      83    2.79032635E-05    2.18284064E-03    2.17933168E-03    3.50235911E+00   -4.29916336E-03    1.13753203E-11    3.08000000E+02
      84    2.89057686E-05    2.20432242E-03    2.20074155E-03    3.57431163E+00   -4.33948616E-03    1.26459715E-11    3.08000000E+02
      85    2.99081243E-05    2.22411730E-03    2.22046969E-03    3.64110972E+00   -4.37668723E-03    1.40076785E-11    3.08000000E+02
      86    3.09103475E-05    2.24239657E-03    2.23868689E-03    3.70321481E+00   -4.41108012E-03    1.54635889E-11    3.08000000E+02
      87    3.19124477E-05    2.25931067E-03    2.25554320E-03    3.76104160E+00   -4.44294049E-03    1.70168427E-11    3.08000000E+02
      88    3.29144353E-05    2.27499222E-03    2.27117087E-03    3.81496327E+00   -4.47251153E-03    1.86705822E-11    3.08000000E+02
      89    3.39163192E-05    2.28955838E-03    2.28568672E-03    3.86531557E+00   -4.50000831E-03    2.04279496E-11    3.08000000E+02
      90    3.49181077E-05    2.30311291E-03    2.29919420E-03    3.91240081E+00   -4.52562148E-03    2.22920873E-11    3.08000000E+02
      91    3.59198080E-05    2.31574791E-03    2.31178515E-03    3.95649141E+00   -4.54952050E-03    2.42661375E-11    3.08000000E+02
      92    3.69214267E-05    2.32754534E-03    2.32354127E-03    3.99783309E+00   -4.57185632E-03    2.63532424E-11    3.08000000E+02
      93    3.79229660E-05    2.33857826E-03    2.33453541E-03    4.03664765E+00   -4.59276367E-03    2.85565359E-11    3.08000000E+02
      94    3.89244386E-05    2.34891210E-03    2.34483279E-03    4.07313600E+00   -4.61236333E-03    3.08791763E-11    3.08000000E+02
      95    3.99258457E-05    2.35860535E-03    2.35449174E-03    4.10747967E+00   -4.63076345E-03    3.33242978E-11    3.08000000E+02
      96    4.09271917E-05    2.36771059E-03    2.36356464E-03    4.13984335E+00   -4.64806130E-03    3.58950426E-11    3.08000000E+02
      97    6.82315549E-05    2.49552063E-03    2.49091026E-03    4.60476558E+00   -4.89249501E-03    1.66323815E-10    3.08000000E+02
      98    7.84676252E-05    2.51601003E-03    2.51132336E-03    4.68116729E+00   -4.93200848E-03    2.52970665E-10    3.08000000E+02
      99    8.97418614E-05    2.53184268E-03    2.52709668E-03    4.74056639E+00   -4.96261555E-03    3.78428516E-10    3.08000000E+02
     100    9.87421617E-05    2.54122557E-03    2.53644426E-03    4.77591842E+00   -4.98078667E-03    5.04088194E-10    3.08000000E+02
