 % Time.............:    6.4999999835890776E-004
 % Distribution.....:            0
 % Fluid flag.......:            0
 % Vaporization flag:            1
 % Temperature flag.:            1
 %    ID      Diameter         X position        Y position        X velocity       Y velocity           Mass            Temperature
       1    2.93149794E-06    1.21912624E-04    1.21912374E-04    2.97505532E-11   -2.50099731E-04    1.31906869E-14    2.84633121E+02
       2    3.92945283E-06    2.13261252E-04    2.13260800E-04    2.65487755E-06   -4.49311424E-04    3.17683658E-14    2.84658310E+02
       3    3.92945283E-06    2.13261252E-04    2.13260800E-04    2.65487755E-06   -4.49311424E-04    3.17683658E-14    2.84658310E+02
       4    4.92416867E-06    3.28329810E-04    3.28328640E-04    4.58808275E-04   -7.05041827E-04    6.25168946E-14    2.84865377E+02
       5    4.92416867E-06    3.28329810E-04    3.28328640E-04    4.58808275E-04   -7.05041827E-04    6.25168946E-14    2.84865377E+02
       6    4.92416867E-06    3.28329810E-04    3.28328640E-04    4.58808275E-04   -7.05041827E-04    6.25168946E-14    2.84865377E+02
       7    5.48171034E-06    4.02813441E-04    4.02809943E-04    2.59741488E-03   -8.71473512E-04    8.62475733E-14    2.85126204E+02
       8    5.91812028E-06    4.65722024E-04    4.65713695E-04    7.24647431E-03   -1.01140259E-03    1.08530048E-13    2.85406335E+02
       9    5.91812028E-06    4.65722024E-04    4.65713695E-04    7.24647431E-03   -1.01140259E-03    1.08530048E-13    2.85406335E+02
      10    5.91812028E-06    4.65722024E-04    4.65713695E-04    7.24647431E-03   -1.01140259E-03    1.08530048E-13    2.85406335E+02
      11    5.91812028E-06    4.65722024E-04    4.65713695E-04    7.24647431E-03   -1.01140259E-03    1.08530048E-13    2.85406335E+02
      12    6.91247214E-06    6.21617611E-04    6.21578247E-04    3.77414434E-02   -1.35227818E-03    1.72941339E-13    2.86249622E+02
      13    6.91247214E-06    6.21617611E-04    6.21578247E-04    3.77414434E-02   -1.35227818E-03    1.72941339E-13    2.86249622E+02
      14    6.91247214E-06    6.21617611E-04    6.21578247E-04    3.77414434E-02   -1.35227818E-03    1.72941339E-13    2.86249622E+02
      15    6.91247214E-06    6.21617611E-04    6.21578247E-04    3.77414434E-02   -1.35227818E-03    1.72941339E-13    2.86249622E+02
      16    6.91247214E-06    6.21617611E-04    6.21578247E-04    3.77414434E-02   -1.35227818E-03    1.72941339E-13    2.86249622E+02
      17    7.90764735E-06    7.89046402E-04    7.88934254E-04    1.09834684E-01   -1.70644537E-03    2.58905046E-13    2.87282741E+02
      18    7.90764735E-06    7.89046402E-04    7.88934254E-04    1.09834684E-01   -1.70644537E-03    2.58905046E-13    2.87282741E+02
      19    7.90764735E-06    7.89046402E-04    7.88934254E-04    1.09834684E-01   -1.70644537E-03    2.58905046E-13    2.87282741E+02
      20    7.90764735E-06    7.89046402E-04    7.88934254E-04    1.09834684E-01   -1.70644537E-03    2.58905046E-13    2.87282741E+02
      21    7.90764735E-06    7.89046402E-04    7.88934254E-04    1.09834684E-01   -1.70644537E-03    2.58905046E-13    2.87282741E+02
      22    8.90373064E-06    9.59978041E-04    9.59746070E-04    2.28903712E-01   -2.05572821E-03    3.69585287E-13    2.88404860E+02
      23    8.90373064E-06    9.59978041E-04    9.59746070E-04    2.28903712E-01   -2.05572821E-03    3.69585287E-13    2.88404860E+02
      24    8.90373064E-06    9.59978041E-04    9.59746070E-04    2.28903712E-01   -2.05572821E-03    3.69585287E-13    2.88404860E+02
      25    8.90373064E-06    9.59978041E-04    9.59746070E-04    2.28903712E-01   -2.05572821E-03    3.69585287E-13    2.88404860E+02
      26    8.90373064E-06    9.59978041E-04    9.59746070E-04    2.28903712E-01   -2.05572821E-03    3.69585287E-13    2.88404860E+02
      27    9.90067152E-06    1.12762658E-03    1.12723427E-03    3.88503779E-01   -2.38826133E-03    5.08150772E-13    2.89547144E+02
      28    9.90067152E-06    1.12762658E-03    1.12723427E-03    3.88503779E-01   -2.38826133E-03    5.08150772E-13    2.89547144E+02
      29    9.90067152E-06    1.12762658E-03    1.12723427E-03    3.88503779E-01   -2.38826133E-03    5.08150772E-13    2.89547144E+02
      30    9.90067152E-06    1.12762658E-03    1.12723427E-03    3.88503779E-01   -2.38826133E-03    5.08150772E-13    2.89547144E+02
      31    9.90067152E-06    1.12762658E-03    1.12723427E-03    3.88503779E-01   -2.38826133E-03    5.08150772E-13    2.89547144E+02
      32    1.08983765E-05    1.28735547E-03    1.28677403E-03    5.76970217E-01   -2.69779229E-03    6.77772684E-13    2.90667359E+02
      33    1.08983765E-05    1.28735547E-03    1.28677403E-03    5.76970217E-01   -2.69779229E-03    6.77772684E-13    2.90667359E+02
      34    1.08983765E-05    1.28735547E-03    1.28677403E-03    5.76970217E-01   -2.69779229E-03    6.77772684E-13    2.90667359E+02
      35    1.08983765E-05    1.28735547E-03    1.28677403E-03    5.76970217E-01   -2.69779229E-03    6.77772684E-13    2.90667359E+02
      36    1.08983765E-05    1.28735547E-03    1.28677403E-03    5.76970217E-01   -2.69779229E-03    6.77772684E-13    2.90667359E+02
      37    1.18967394E-05    1.43653463E-03    1.43574716E-03    7.82434672E-01   -2.98191649E-03    8.81622116E-13    2.91741339E+02
      38    1.18967394E-05    1.43653463E-03    1.43574716E-03    7.82434672E-01   -2.98191649E-03    8.81622116E-13    2.91741339E+02
      39    1.18967394E-05    1.43653463E-03    1.43574716E-03    7.82434672E-01   -2.98191649E-03    8.81622116E-13    2.91741339E+02
      40    1.18967394E-05    1.43653463E-03    1.43574716E-03    7.82434672E-01   -2.98191649E-03    8.81622116E-13    2.91741339E+02
      41    1.28956579E-05    1.57402819E-03    1.57302760E-03    9.95077406E-01   -3.24054464E-03    1.12286914E-12    2.92756419E+02
      42    1.28956579E-05    1.57402819E-03    1.57302760E-03    9.95077406E-01   -3.24054464E-03    1.12286914E-12    2.92756419E+02
      43    1.28956579E-05    1.57402819E-03    1.57302760E-03    9.95077406E-01   -3.24054464E-03    1.12286914E-12    2.92756419E+02
      44    1.28956579E-05    1.57402819E-03    1.57302760E-03    9.95077406E-01   -3.24054464E-03    1.12286914E-12    2.92756419E+02
      45    1.38950427E-05    1.69968057E-03    1.69846702E-03    1.20763638E+00   -3.47485202E-03    1.40468289E-12    2.93707077E+02
      46    1.38950427E-05    1.69968057E-03    1.69846702E-03    1.20763638E+00   -3.47485202E-03    1.40468289E-12    2.93707077E+02
      47    1.38950427E-05    1.69968057E-03    1.69846702E-03    1.20763638E+00   -3.47485202E-03    1.40468289E-12    2.93707077E+02
      48    1.38950427E-05    1.69968057E-03    1.69846702E-03    1.20763638E+00   -3.47485202E-03    1.40468289E-12    2.93707077E+02
      49    1.48948121E-05    1.81391924E-03    1.81249786E-03    1.41514555E+00   -3.68662498E-03    1.73022953E-12    2.94592131E+02
      50    1.48948121E-05    1.81391924E-03    1.81249786E-03    1.41514555E+00   -3.68662498E-03    1.73022953E-12    2.94592131E+02
      51    1.48948121E-05    1.81391924E-03    1.81249786E-03    1.41514555E+00   -3.68662498E-03    1.73022953E-12    2.94592131E+02
      52    1.48948121E-05    1.81391924E-03    1.81249786E-03    1.41514555E+00   -3.68662498E-03    1.73022953E-12    2.94592131E+02
      53    1.50060595E-05    1.82595340E-03    1.82450937E-03    1.43776751E+00   -3.70887931E-03    1.76928840E-12    2.94686584E+02
      54    1.58948992E-05    1.91748439E-03    1.91586346E-03    1.61444799E+00   -3.87788073E-03    2.10267410E-12    2.95412987E+02
      55    1.58948992E-05    1.91748439E-03    1.91586346E-03    1.61444799E+00   -3.87788073E-03    2.10267410E-12    2.95412987E+02
      56    1.58948992E-05    1.91748439E-03    1.91586346E-03    1.61444799E+00   -3.87788073E-03    2.10267410E-12    2.95412987E+02
      57    1.58948992E-05    1.91748439E-03    1.91586346E-03    1.61444799E+00   -3.87788073E-03    2.10267410E-12    2.95412987E+02
      58    1.68952448E-05    2.01125516E-03    2.00944477E-03    1.80371246E+00   -4.05065235E-03    2.52517859E-12    2.96172521E+02
      59    1.68952448E-05    2.01125516E-03    2.00944477E-03    1.80371246E+00   -4.05065235E-03    2.52517859E-12    2.96172521E+02
      60    1.68952448E-05    2.01125516E-03    2.00944477E-03    1.80371246E+00   -4.05065235E-03    2.52517859E-12    2.96172521E+02
      61    1.78957998E-05    2.09614556E-03    2.09415670E-03    1.98203685E+00   -4.20687683E-03    3.00090308E-12    2.96874387E+02
      62    1.78957998E-05    2.09614556E-03    2.09415670E-03    1.98203685E+00   -4.20687683E-03    3.00090308E-12    2.96874387E+02
      63    1.78957998E-05    2.09614556E-03    2.09415670E-03    1.98203685E+00   -4.20687683E-03    3.00090308E-12    2.96874387E+02
      64    1.88965211E-05    2.17304462E-03    2.17088853E-03    2.14914609E+00   -4.34834094E-03    3.53300463E-12    2.97522575E+02
      65    1.88965211E-05    2.17304462E-03    2.17088853E-03    2.14914609E+00   -4.34834094E-03    3.53300463E-12    2.97522575E+02
      66    1.88965211E-05    2.17304462E-03    2.17088853E-03    2.14914609E+00   -4.34834094E-03    3.53300463E-12    2.97522575E+02
      67    1.98973781E-05    2.24278545E-03    2.24047324E-03    2.30517487E+00   -4.47666231E-03    4.12464135E-12    2.98121150E+02
      68    1.98973781E-05    2.24278545E-03    2.24047324E-03    2.30517487E+00   -4.47666231E-03    4.12464135E-12    2.98121150E+02
      69    1.98973781E-05    2.24278545E-03    2.24047324E-03    2.30517487E+00   -4.47666231E-03    4.12464135E-12    2.98121150E+02
      70    2.08983402E-05    2.30613019E-03    2.30367256E-03    2.45051209E+00   -4.59328659E-03    4.77896685E-12    2.98674078E+02
      71    2.08983402E-05    2.30613019E-03    2.30367256E-03    2.45051209E+00   -4.59328659E-03    4.77896685E-12    2.98674078E+02
      72    2.18993837E-05    2.36376636E-03    2.36117350E-03    2.58569630E+00   -4.69949706E-03    5.49913411E-12    2.99185142E+02
      73    2.18993837E-05    2.36376636E-03    2.36117350E-03    2.58569630E+00   -4.69949706E-03    5.49913411E-12    2.99185142E+02
      74    2.29004888E-05    2.41630834E-03    2.41358980E-03    2.71134384E+00   -4.79642753E-03    6.28829477E-12    2.99657886E+02
      75    2.29004888E-05    2.41630834E-03    2.41358980E-03    2.71134384E+00   -4.79642753E-03    6.28829477E-12    2.99657886E+02
      76    2.39016393E-05    2.46430187E-03    2.46146655E-03    2.82810155E+00   -4.88507722E-03    7.14959928E-12    3.00095595E+02
      77    2.39016393E-05    2.46430187E-03    2.46146655E-03    2.82810155E+00   -4.88507722E-03    7.14959928E-12    3.00095595E+02
      78    2.49028200E-05    2.50822991E-03    2.50528605E-03    2.93661595E+00   -4.96632558E-03    8.08619526E-12    3.00501290E+02
      79    2.49028200E-05    2.50822991E-03    2.50528605E-03    2.93661595E+00   -4.96632558E-03    8.08619526E-12    3.00501290E+02
      80    2.59040234E-05    2.54851931E-03    2.54547455E-03    3.03751483E+00   -5.04094702E-03    9.10123458E-12    3.00877736E+02
      81    2.59040234E-05    2.54851931E-03    2.54547455E-03    3.03751483E+00   -5.04094702E-03    9.10123458E-12    3.00877736E+02
      82    2.69052387E-05    2.58554662E-03    2.58240798E-03    3.13139476E+00   -5.10962304E-03    1.01978633E-11    3.01227454E+02
      83    2.79064585E-05    2.61964425E-03    2.61641819E-03    3.21881575E+00   -5.17295440E-03    1.13792283E-11    3.01552732E+02
      84    2.89076767E-05    2.65110577E-03    2.64779823E-03    3.30029834E+00   -5.23147128E-03    1.26484760E-11    3.01855650E+02
      85    2.99088866E-05    2.68019063E-03    2.67680709E-03    3.37632304E+00   -5.28564220E-03    1.40087496E-11    3.02138093E+02
      86    3.09100879E-05    2.70712867E-03    2.70367413E-03    3.44733184E+00   -5.33588229E-03    1.54631994E-11    3.02401770E+02
      87    3.19112757E-05    2.73212347E-03    2.72860254E-03    3.51372919E+00   -5.38255949E-03    1.70149679E-11    3.02648228E+02
      88    3.29124475E-05    2.75535588E-03    2.75177281E-03    3.57588484E+00   -5.42600090E-03    1.86671996E-11    3.02878872E+02
      89    3.39136013E-05    2.77698677E-03    2.77334547E-03    3.63413619E+00   -5.46649779E-03    2.04230389E-11    3.03094974E+02
      90    3.49147357E-05    2.79715953E-03    2.79346358E-03    3.68879088E+00   -5.50431004E-03    2.22856297E-11    3.03297688E+02
      91    3.59158495E-05    2.81600218E-03    2.81225491E-03    3.74012927E+00   -5.53967001E-03    2.42581158E-11    3.03488063E+02
      92    3.69169420E-05    2.83362927E-03    2.82983374E-03    3.78840683E+00   -5.57278582E-03    2.63436406E-11    3.03667051E+02
      93    3.79180089E-05    2.85014341E-03    2.84630245E-03    3.83385629E+00   -5.60384417E-03    2.85453392E-11    3.03835519E+02
      94    3.89190573E-05    2.86563693E-03    2.86175315E-03    3.87669033E+00   -5.63301328E-03    3.08663709E-11    3.03994256E+02
      95    3.99200833E-05    2.88019273E-03    2.87626856E-03    3.91710251E+00   -5.66044439E-03    3.33098709E-11    3.04143982E+02
      96    4.09210868E-05    2.89388561E-03    2.88992328E-03    3.95526975E+00   -5.68627412E-03    3.58789821E-11    3.04285354E+02
      97    5.18698395E-05    3.00260367E-03    2.99833326E-03    4.26350427E+00   -5.89228312E-03    7.30707132E-11    3.05424693E+02
      98    5.40565673E-05    3.01790239E-03    3.01358789E-03    4.30762154E+00   -5.92141606E-03    8.27073347E-11    3.05587185E+02
      99    6.94276703E-05    3.09250427E-03    3.08797213E-03    4.52539924E+00   -6.06405375E-03    1.75225138E-10    3.06384806E+02
     100    8.18367691E-05    3.12791412E-03    3.12327714E-03    4.63031895E+00   -6.13212248E-03    2.86974997E-10    3.06764631E+02
