 % Time.............:    3.3999999914158252E-004
 % Distribution.....:            0
 % Fluid flag.......:            0
 % Vaporization flag:            1
 % Temperature flag.:            1
 %    ID      Diameter         X position        Y position        X velocity       Y velocity           Mass            Temperature
       1    2.94860133E-06    1.21912451E-04    1.21912191E-04    6.72381248E-06   -2.53029660E-04    1.34229139E-14    2.84672146E+02
       2    3.94299429E-06    2.13149432E-04    2.13146497E-04    2.43017492E-03   -4.51272903E-04    3.20979339E-14    2.85120640E+02
       3    3.94299429E-06    2.13149432E-04    2.13146497E-04    2.43017492E-03   -4.51272903E-04    3.20979339E-14    2.85120640E+02
       4    4.93731345E-06    3.25838366E-04    3.25802096E-04    3.50818508E-02   -6.93742329E-04    6.30188878E-14    2.86214725E+02
       5    4.93731345E-06    3.25838366E-04    3.25802096E-04    3.50818508E-02   -6.93742329E-04    6.30188878E-14    2.86214725E+02
       6    4.93731345E-06    3.25838366E-04    3.25802096E-04    3.50818508E-02   -6.93742329E-04    6.30188878E-14    2.86214725E+02
       7    5.49554213E-06    3.95366076E-04    3.95277757E-04    8.64915564E-02   -8.39430199E-04    8.69020976E-14    2.87022903E+02
       8    5.93277083E-06    4.51237028E-04    4.51086724E-04    1.47891819E-01   -9.54172977E-04    1.09338057E-13    2.87707798E+02
       9    5.93277083E-06    4.51237028E-04    4.51086724E-04    1.47891819E-01   -9.54172977E-04    1.09338057E-13    2.87707798E+02
      10    5.93277083E-06    4.51237028E-04    4.51086724E-04    1.47891819E-01   -9.54172977E-04    1.09338057E-13    2.87707798E+02
      11    5.93277083E-06    4.51237028E-04    4.51086724E-04    1.47891819E-01   -9.54172977E-04    1.09338057E-13    2.87707798E+02
      12    6.92950804E-06    5.77968986E-04    5.77612393E-04    3.52788746E-01   -1.20772690E-03    1.74223143E-13    2.89331951E+02
      13    6.92950804E-06    5.77968986E-04    5.77612393E-04    3.52788746E-01   -1.20772690E-03    1.74223143E-13    2.89331951E+02
      14    6.92950804E-06    5.77968986E-04    5.77612393E-04    3.52788746E-01   -1.20772690E-03    1.74223143E-13    2.89331951E+02
      15    6.92950804E-06    5.77968986E-04    5.77612393E-04    3.52788746E-01   -1.20772690E-03    1.74223143E-13    2.89331951E+02
      16    6.92950804E-06    5.77968986E-04    5.77612393E-04    3.52788746E-01   -1.20772690E-03    1.74223143E-13    2.89331951E+02
      17    7.92736617E-06    6.97590709E-04    6.96962181E-04    6.23501904E-01   -1.44035777E-03    2.60846727E-13    2.90932153E+02
      18    7.92736617E-06    6.97590709E-04    6.96962181E-04    6.23501904E-01   -1.44035777E-03    2.60846727E-13    2.90932153E+02
      19    7.92736617E-06    6.97590709E-04    6.96962181E-04    6.23501904E-01   -1.44035777E-03    2.60846727E-13    2.90932153E+02
      20    7.92736617E-06    6.97590709E-04    6.96962181E-04    6.23501904E-01   -1.44035777E-03    2.60846727E-13    2.90932153E+02
      21    7.92736617E-06    6.97590709E-04    6.96962181E-04    6.23501904E-01   -1.44035777E-03    2.60846727E-13    2.90932153E+02
      22    8.92613076E-06    8.05864787E-04    8.04932626E-04    9.26206209E-01   -1.64697078E-03    3.72381733E-13    2.92434647E+02
      23    8.92613076E-06    8.05864787E-04    8.04932626E-04    9.26206209E-01   -1.64697078E-03    3.72381733E-13    2.92434647E+02
      24    8.92613076E-06    8.05864787E-04    8.04932626E-04    9.26206209E-01   -1.64697078E-03    3.72381733E-13    2.92434647E+02
      25    8.92613076E-06    8.05864787E-04    8.04932626E-04    9.26206209E-01   -1.64697078E-03    3.72381733E-13    2.92434647E+02
      26    8.92613076E-06    8.05864787E-04    8.04932626E-04    9.26206209E-01   -1.64697078E-03    3.72381733E-13    2.92434647E+02
      27    9.92560033E-06    9.01566082E-04    9.00324674E-04    1.23481443E+00   -1.82745253E-03    5.11998849E-13    2.93810316E+02
      28    9.92560033E-06    9.01566082E-04    9.00324674E-04    1.23481443E+00   -1.82745253E-03    5.11998849E-13    2.93810316E+02
      29    9.92560033E-06    9.01566082E-04    9.00324674E-04    1.23481443E+00   -1.82745253E-03    5.11998849E-13    2.93810316E+02
      30    9.92560033E-06    9.01566082E-04    9.00324674E-04    1.23481443E+00   -1.82745253E-03    5.11998849E-13    2.93810316E+02
      31    9.92560033E-06    9.01566082E-04    9.00324674E-04    1.23481443E+00   -1.82745253E-03    5.11998849E-13    2.93810316E+02
      32    1.09256086E-05    9.85110414E-04    9.83570313E-04    1.53310777E+00   -1.98392399E-03    6.82866094E-13    2.95052846E+02
      33    1.09256086E-05    9.85110414E-04    9.83570313E-04    1.53310777E+00   -1.98392399E-03    6.82866094E-13    2.95052846E+02
      34    1.09256086E-05    9.85110414E-04    9.83570313E-04    1.53310777E+00   -1.98392399E-03    6.82866094E-13    2.95052846E+02
      35    1.09256086E-05    9.85110414E-04    9.83570313E-04    1.53310777E+00   -1.98392399E-03    6.82866094E-13    2.95052846E+02
      36    1.09256086E-05    9.85110414E-04    9.83570313E-04    1.53310777E+00   -1.98392399E-03    6.82866094E-13    2.95052846E+02
      37    1.19260195E-05    1.05763924E-03    1.05581956E-03    1.81246765E+00   -2.11926285E-03    8.88147676E-13    2.96167012E+02
      38    1.19260195E-05    1.05763924E-03    1.05581956E-03    1.81246765E+00   -2.11926285E-03    8.88147676E-13    2.96167012E+02
      39    1.19260195E-05    1.05763924E-03    1.05581956E-03    1.81246765E+00   -2.11926285E-03    8.88147676E-13    2.96167012E+02
      40    1.19260195E-05    1.05763924E-03    1.05581956E-03    1.81246765E+00   -2.11926285E-03    8.88147676E-13    2.96167012E+02
      41    1.29267259E-05    1.12051755E-03    1.11844104E-03    2.06920196E+00   -2.23640225E-03    1.13100431E-12    2.97162548E+02
      42    1.29267259E-05    1.12051755E-03    1.11844104E-03    2.06920196E+00   -2.23640225E-03    1.13100431E-12    2.97162548E+02
      43    1.29267259E-05    1.12051755E-03    1.11844104E-03    2.06920196E+00   -2.23640225E-03    1.13100431E-12    2.97162548E+02
      44    1.29267259E-05    1.12051755E-03    1.11844104E-03    2.06920196E+00   -2.23640225E-03    1.13100431E-12    2.97162548E+02
      45    1.39276472E-05    1.17508947E-03    1.17277964E-03    2.30252417E+00   -2.33803495E-03    1.41459430E-12    2.98050959E+02
      46    1.39276472E-05    1.17508947E-03    1.17277964E-03    2.30252417E+00   -2.33803495E-03    1.41459430E-12    2.98050959E+02
      47    1.39276472E-05    1.17508947E-03    1.17277964E-03    2.30252417E+00   -2.33803495E-03    1.41459430E-12    2.98050959E+02
      48    1.39276472E-05    1.17508947E-03    1.17277964E-03    2.30252417E+00   -2.33803495E-03    1.41459430E-12    2.98050959E+02
      49    1.49287180E-05    1.22257425E-03    1.22005376E-03    2.51323122E+00   -2.42651400E-03    1.74207232E-12    2.98843905E+02
      50    1.49287180E-05    1.22257425E-03    1.22005376E-03    2.51323122E+00   -2.42651400E-03    1.74207232E-12    2.98843905E+02
      51    1.49287180E-05    1.22257425E-03    1.22005376E-03    2.51323122E+00   -2.42651400E-03    1.74207232E-12    2.98843905E+02
      52    1.49287180E-05    1.22257425E-03    1.22005376E-03    2.51323122E+00   -2.42651400E-03    1.74207232E-12    2.98843905E+02
      53    1.50400966E-05    1.22746670E-03    1.22492412E-03    2.53533935E+00   -2.43563490E-03    1.78135514E-12    2.98926709E+02
      54    1.59298918E-05    1.26403387E-03    1.26132381E-03    2.70290218E+00   -2.50384532E-03    2.11659181E-12    2.99552412E+02
      55    1.59298918E-05    1.26403387E-03    1.26132381E-03    2.70290218E+00   -2.50384532E-03    2.11659181E-12    2.99552412E+02
      56    1.59298918E-05    1.26403387E-03    1.26132381E-03    2.70290218E+00   -2.50384532E-03    2.11659181E-12    2.99552412E+02
      57    1.59298918E-05    1.26403387E-03    1.26132381E-03    2.70290218E+00   -2.50384532E-03    2.11659181E-12    2.99552412E+02
      58    1.69311307E-05    1.30037335E-03    1.29749288E-03    2.87343068E+00   -2.57171643E-03    2.54130344E-12    3.00186532E+02
      59    1.69311307E-05    1.30037335E-03    1.29749288E-03    2.87343068E+00   -2.57171643E-03    2.54130344E-12    3.00186532E+02
      60    1.69311307E-05    1.30037335E-03    1.29749288E-03    2.87343068E+00   -2.57171643E-03    2.54130344E-12    3.00186532E+02
      61    1.79324070E-05    1.33235538E-03    1.32932171E-03    3.02676670E+00   -2.63153858E-03    3.01935652E-12    3.00755239E+02
      62    1.79324070E-05    1.33235538E-03    1.32932171E-03    3.02676670E+00   -2.63153858E-03    3.01935652E-12    3.00755239E+02
      63    1.79324070E-05    1.33235538E-03    1.32932171E-03    3.02676670E+00   -2.63153858E-03    3.01935652E-12    3.00755239E+02
      64    1.89336979E-05    1.36061920E-03    1.35744766E-03    3.16478008E+00   -2.68448925E-03    3.55389802E-12    3.01266447E+02
      65    1.89336979E-05    1.36061920E-03    1.35744766E-03    3.16478008E+00   -2.68448925E-03    3.55389802E-12    3.01266447E+02
      66    1.89336979E-05    1.36061920E-03    1.35744766E-03    3.16478008E+00   -2.68448925E-03    3.55389802E-12    3.01266447E+02
      67    1.99349913E-05    1.38569980E-03    1.38240398E-03    3.28919670E+00   -2.73155156E-03    4.14807679E-12    3.01727081E+02
      68    1.99349913E-05    1.38569980E-03    1.38240398E-03    3.28919670E+00   -2.73155156E-03    4.14807679E-12    3.01727081E+02
      69    1.99349913E-05    1.38569980E-03    1.38240398E-03    3.28919670E+00   -2.73155156E-03    4.14807679E-12    3.01727081E+02
      70    2.09362741E-05    1.40804482E-03    1.40463677E-03    3.40157246E+00   -2.77354730E-03    4.80503792E-12    3.02143177E+02
      71    2.09362741E-05    1.40804482E-03    1.40463677E-03    3.40157246E+00   -2.77354730E-03    4.80503792E-12    3.02143177E+02
      72    2.19375377E-05    1.42802975E-03    1.42452012E-03    3.50329170E+00   -2.81116565E-03    5.52792669E-12    3.02519981E+02
      73    2.19375377E-05    1.42802975E-03    1.42452012E-03    3.50329170E+00   -2.81116565E-03    5.52792669E-12    3.02519981E+02
      74    2.29387762E-05    1.44597031E-03    1.44236853E-03    3.59557565E+00   -2.84498643E-03    6.31988780E-12    3.02862054E+02
      75    2.29387762E-05    1.44597031E-03    1.44236853E-03    3.59557565E+00   -2.84498643E-03    6.31988780E-12    3.02862054E+02
      76    2.39399854E-05    1.46213288E-03    1.45844730E-03    3.67949638E+00   -2.87549925E-03    7.18406543E-12    3.03173359E+02
      77    2.39399854E-05    1.46213288E-03    1.45844730E-03    3.67949638E+00   -2.87549925E-03    7.18406543E-12    3.03173359E+02
      78    2.49411607E-05    1.47674297E-03    1.47298102E-03    3.75599235E+00   -2.90311914E-03    8.12360161E-12    3.03457343E+02
      79    2.49411607E-05    1.47674297E-03    1.47298102E-03    3.75599235E+00   -2.90311914E-03    8.12360161E-12    3.03457343E+02
      80    2.59423040E-05    1.48999233E-03    1.48616061E-03    3.82588473E+00   -2.92819946E-03    9.14164322E-12    3.03717012E+02
      81    2.59423040E-05    1.48999233E-03    1.48616061E-03    3.82588473E+00   -2.92819946E-03    9.14164322E-12    3.03717012E+02
      82    2.69434126E-05    1.50204451E-03    1.49814889E-03    3.88989125E+00   -2.95104198E-03    1.02413318E-11    3.03954985E+02
      83    2.79444860E-05    1.51303960E-03    1.50908533E-03    3.94864017E+00   -2.97190565E-03    1.14258104E-11    3.04173555E+02
      84    2.89455245E-05    1.52309806E-03    1.51908984E-03    4.00268200E+00   -2.99101344E-03    1.26982217E-11    3.04374730E+02
      85    2.99465266E-05    1.53232384E-03    1.52826590E-03    4.05249979E+00   -3.00855805E-03    1.40617058E-11    3.04560273E+02
      86    3.09474967E-05    1.54080703E-03    1.53670315E-03    4.09851852E+00   -3.02470675E-03    1.55194102E-11    3.04731738E+02
      87    3.19484339E-05    1.54862589E-03    1.54447951E-03    4.14111236E+00   -3.03960508E-03    1.70744748E-11    3.04890493E+02
      88    3.29493390E-05    1.55584872E-03    1.55166292E-03    4.18061173E+00   -3.05338019E-03    1.87300421E-11    3.05037750E+02
      89    3.39502131E-05    1.56253530E-03    1.55831286E-03    4.21730902E+00   -3.06614354E-03    2.04892541E-11    3.05174581E+02
      90    3.49510574E-05    1.56873809E-03    1.56448157E-03    4.25146349E+00   -3.07799313E-03    2.23552531E-11    3.05301940E+02
      91    3.59518729E-05    1.57450332E-03    1.57021502E-03    4.28330557E+00   -3.08901538E-03    2.43311812E-11    3.05420676E+02
      92    3.69526608E-05    1.57987182E-03    1.57555385E-03    4.31304053E+00   -3.09928671E-03    2.64201805E-11    3.05531547E+02
      93    3.79534185E-05    1.58487975E-03    1.58053403E-03    4.34085149E+00   -3.10887491E-03    2.86253847E-11    3.05635229E+02
      94    3.89541544E-05    1.58955928E-03    1.58518756E-03    4.36690257E+00   -3.11784035E-03    3.09499518E-11    3.05732329E+02
      95    3.99548659E-05    1.59393902E-03    1.58954292E-03    4.39134063E+00   -3.12623676E-03    3.33970160E-11    3.05823393E+02
      96    4.09555540E-05    1.59804452E-03    1.59362551E-03    4.41429769E+00   -3.13411222E-03    3.59697193E-11    3.05908910E+02
      97    5.19009716E-05    1.63014668E-03    1.62554691E-03    4.59545313E+00   -3.19586218E-03    7.32023627E-11    3.06581877E+02
      98    5.40870818E-05    1.63459448E-03    1.62996944E-03    4.62078419E+00   -3.20444301E-03    8.28474765E-11    3.06675535E+02
      99    6.94543991E-05    1.65604120E-03    1.65129351E-03    4.74372812E+00   -3.24591444E-03    1.75427595E-10    3.07127036E+02
     100    8.18610782E-05    1.66608096E-03    1.66127539E-03    4.80174223E+00   -3.26538721E-03    2.87230806E-10    3.07337277E+02
