 % Time.............:    6.1999999843465048E-004
 % Distribution.....:            0
 % Fluid flag.......:            0
 % Vaporization flag:            1
 % Temperature flag.:            1
 %    ID      Diameter         X position        Y position        X velocity       Y velocity           Mass            Temperature
       1    2.93315281E-06    1.21912624E-04    1.21912374E-04    9.87226314E-11   -2.50382157E-04    1.32130385E-14    2.84633253E+02
       2    3.93070278E-06    2.13261138E-04    2.13260683E-04    5.14645877E-06   -4.49597772E-04    3.17986918E-14    2.84666705E+02
       3    3.93070278E-06    2.13261138E-04    2.13260683E-04    5.14645877E-06   -4.49597772E-04    3.17986918E-14    2.84666705E+02
       4    4.92525551E-06    3.28312585E-04    3.28311172E-04    6.98259703E-04   -7.05132070E-04    6.25582989E-14    2.84912060E+02
       5    4.92525551E-06    3.28312585E-04    3.28311172E-04    6.98259703E-04   -7.05132070E-04    6.25582989E-14    2.84912060E+02
       6    4.92525551E-06    3.28312585E-04    3.28311172E-04    6.98259703E-04   -7.05132070E-04    6.25582989E-14    2.84912060E+02
       7    5.48278902E-06    4.02720172E-04    4.02715615E-04    3.64454065E-03   -8.70950725E-04    8.62984983E-14    2.85205498E+02
       8    5.91922377E-06    4.65468497E-04    4.65457701E-04    9.69210731E-03   -1.00992505E-03    1.08590769E-13    2.85513151E+02
       9    5.91922377E-06    4.65468497E-04    4.65457701E-04    9.69210731E-03   -1.00992505E-03    1.08590769E-13    2.85513151E+02
      10    5.91922377E-06    4.65468497E-04    4.65457701E-04    9.69210731E-03   -1.00992505E-03    1.08590769E-13    2.85513151E+02
      11    5.91922377E-06    4.65468497E-04    4.65457701E-04    9.69210731E-03   -1.00992505E-03    1.08590769E-13    2.85513151E+02
      12    6.91369975E-06    6.20350401E-04    6.20301958E-04    4.67616616E-02   -1.34646307E-03    1.73033495E-13    2.86416860E+02
      13    6.91369975E-06    6.20350401E-04    6.20301958E-04    4.67616616E-02   -1.34646307E-03    1.73033495E-13    2.86416860E+02
      14    6.91369975E-06    6.20350401E-04    6.20301958E-04    4.67616616E-02   -1.34646307E-03    1.73033495E-13    2.86416860E+02
      15    6.91369975E-06    6.20350401E-04    6.20301958E-04    4.67616616E-02   -1.34646307E-03    1.73033495E-13    2.86416860E+02
      16    6.91369975E-06    6.20350401E-04    6.20301958E-04    4.67616616E-02   -1.34646307E-03    1.73033495E-13    2.86416860E+02
      17    7.90905167E-06    7.85453120E-04    7.85321100E-04    1.29609747E-01   -1.69309832E-03    2.59043007E-13    2.87500403E+02
      18    7.90905167E-06    7.85453120E-04    7.85321100E-04    1.29609747E-01   -1.69309832E-03    2.59043007E-13    2.87500403E+02
      19    7.90905167E-06    7.85453120E-04    7.85321100E-04    1.29609747E-01   -1.69309832E-03    2.59043007E-13    2.87500403E+02
      20    7.90905167E-06    7.85453120E-04    7.85321100E-04    1.29609747E-01   -1.69309832E-03    2.59043007E-13    2.87500403E+02
      21    7.90905167E-06    7.85453120E-04    7.85321100E-04    1.29609747E-01   -1.69309832E-03    2.59043007E-13    2.87500403E+02
      22    8.90533251E-06    9.52618702E-04    9.52354141E-04    2.61369571E-01   -2.03224735E-03    3.69784799E-13    2.88661094E+02
      23    8.90533251E-06    9.52618702E-04    9.52354141E-04    2.61369571E-01   -2.03224735E-03    3.69784799E-13    2.88661094E+02
      24    8.90533251E-06    9.52618702E-04    9.52354141E-04    2.61369571E-01   -2.03224735E-03    3.69784799E-13    2.88661094E+02
      25    8.90533251E-06    9.52618702E-04    9.52354141E-04    2.61369571E-01   -2.03224735E-03    3.69784799E-13    2.88661094E+02
      26    8.90533251E-06    9.52618702E-04    9.52354141E-04    2.61369571E-01   -2.03224735E-03    3.69784799E-13    2.88661094E+02
      27    9.90247416E-06    1.11528847E-03    1.11485115E-03    4.33385739E-01   -2.35296070E-03    5.08428384E-13    2.89831278E+02
      28    9.90247416E-06    1.11528847E-03    1.11485115E-03    4.33385739E-01   -2.35296070E-03    5.08428384E-13    2.89831278E+02
      29    9.90247416E-06    1.11528847E-03    1.11485115E-03    4.33385739E-01   -2.35296070E-03    5.08428384E-13    2.89831278E+02
      30    9.90247416E-06    1.11528847E-03    1.11485115E-03    4.33385739E-01   -2.35296070E-03    5.08428384E-13    2.89831278E+02
      31    9.90247416E-06    1.11528847E-03    1.11485115E-03    4.33385739E-01   -2.35296070E-03    5.08428384E-13    2.89831278E+02
      32    1.09003733E-05    1.26919648E-03    1.26855922E-03    6.32667533E-01   -2.64980970E-03    6.78145296E-13    2.90970589E+02
      33    1.09003733E-05    1.26919648E-03    1.26855922E-03    6.32667533E-01   -2.64980970E-03    6.78145296E-13    2.90970589E+02
      34    1.09003733E-05    1.26919648E-03    1.26855922E-03    6.32667533E-01   -2.64980970E-03    6.78145296E-13    2.90970589E+02
      35    1.09003733E-05    1.26919648E-03    1.26855922E-03    6.32667533E-01   -2.64980970E-03    6.78145296E-13    2.90970589E+02
      36    1.09003733E-05    1.26919648E-03    1.26855922E-03    6.32667533E-01   -2.64980970E-03    6.78145296E-13    2.90970589E+02
      37    1.18989182E-05    1.41207705E-03    1.41122507E-03    8.46824026E-01   -2.92100251E-03    8.82106605E-13    2.92056656E+02
      38    1.18989182E-05    1.41207705E-03    1.41122507E-03    8.46824026E-01   -2.92100251E-03    8.82106605E-13    2.92056656E+02
      39    1.18989182E-05    1.41207705E-03    1.41122507E-03    8.46824026E-01   -2.92100251E-03    8.82106605E-13    2.92056656E+02
      40    1.18989182E-05    1.41207705E-03    1.41122507E-03    8.46824026E-01   -2.92100251E-03    8.82106605E-13    2.92056656E+02
      41    1.28980039E-05    1.54308956E-03    1.54201793E-03    1.06600815E+00   -3.16686350E-03    1.12348207E-12    2.93078351E+02
      42    1.28980039E-05    1.54308956E-03    1.54201793E-03    1.06600815E+00   -3.16686350E-03    1.12348207E-12    2.93078351E+02
      43    1.28980039E-05    1.54308956E-03    1.54201793E-03    1.06600815E+00   -3.16686350E-03    1.12348207E-12    2.93078351E+02
      44    1.28980039E-05    1.54308956E-03    1.54201793E-03    1.06600815E+00   -3.16686350E-03    1.12348207E-12    2.93078351E+02
      45    1.38975397E-05    1.66229311E-03    1.66100395E-03    1.28317303E+00   -3.38882852E-03    1.40544030E-12    2.94031402E+02
      46    1.38975397E-05    1.66229311E-03    1.66100395E-03    1.28317303E+00   -3.38882852E-03    1.40544030E-12    2.94031402E+02
      47    1.38975397E-05    1.66229311E-03    1.66100395E-03    1.28317303E+00   -3.38882852E-03    1.40544030E-12    2.94031402E+02
      48    1.38975397E-05    1.66229311E-03    1.66100395E-03    1.28317303E+00   -3.38882852E-03    1.40544030E-12    2.94031402E+02
      49    1.48974436E-05    1.77025961E-03    1.76875967E-03    1.49365587E+00   -3.58883633E-03    1.73114674E-12    2.94915629E+02
      50    1.48974436E-05    1.77025961E-03    1.76875967E-03    1.49365587E+00   -3.58883633E-03    1.73114674E-12    2.94915629E+02
      51    1.48974436E-05    1.77025961E-03    1.76875967E-03    1.49365587E+00   -3.58883633E-03    1.73114674E-12    2.94915629E+02
      52    1.48974436E-05    1.77025961E-03    1.76875967E-03    1.49365587E+00   -3.58883633E-03    1.73114674E-12    2.94915629E+02
      53    1.50087050E-05    1.78161124E-03    1.78008841E-03    1.51652147E+00   -3.60982142E-03    1.77022431E-12    2.95009827E+02
      54    1.58976493E-05    1.86781922E-03    1.86611810E-03    1.69461035E+00   -3.76898315E-03    2.10376569E-12    2.95733232E+02
      55    1.58976493E-05    1.86781922E-03    1.86611810E-03    1.69461035E+00   -3.76898315E-03    2.10376569E-12    2.95733232E+02
      56    1.58976493E-05    1.86781922E-03    1.86611810E-03    1.69461035E+00   -3.76898315E-03    2.10376569E-12    2.95733232E+02
      57    1.58976493E-05    1.86781922E-03    1.86611810E-03    1.69461035E+00   -3.76898315E-03    2.10376569E-12    2.95733232E+02
      58    1.68980983E-05    1.95590172E-03    1.95401054E-03    1.88448672E+00   -3.93133275E-03    2.52645827E-12    2.96487712E+02
      59    1.68980983E-05    1.95590172E-03    1.95401054E-03    1.88448672E+00   -3.93133275E-03    2.52645827E-12    2.96487712E+02
      60    1.68980983E-05    1.95590172E-03    1.95401054E-03    1.88448672E+00   -3.93133275E-03    2.52645827E-12    2.96487712E+02
      61    1.78987425E-05    2.03544448E-03    2.03337504E-03    2.06262250E+00   -4.07782182E-03    3.00238372E-12    2.97183214E+02
      62    1.78987425E-05    2.03544448E-03    2.03337504E-03    2.06262250E+00   -4.07782182E-03    3.00238372E-12    2.97183214E+02
      63    1.78987425E-05    2.03544448E-03    2.03337504E-03    2.06262250E+00   -4.07782182E-03    3.00238372E-12    2.97183214E+02
      64    1.88995401E-05    2.10734176E-03    2.10510590E-03    2.22893931E+00   -4.21021755E-03    3.53469822E-12    2.97824111E+02
      65    1.88995401E-05    2.10734176E-03    2.10510590E-03    2.22893931E+00   -4.21021755E-03    3.53469822E-12    2.97824111E+02
      66    1.88995401E-05    2.10734176E-03    2.10510590E-03    2.22893931E+00   -4.21021755E-03    3.53469822E-12    2.97824111E+02
      67    1.99004614E-05    2.17242020E-03    2.17002948E-03    2.38372962E+00   -4.33010662E-03    4.12655909E-12    2.98414766E+02
      68    1.99004614E-05    2.17242020E-03    2.17002948E-03    2.38372962E+00   -4.33010662E-03    4.12655909E-12    2.98414766E+02
      69    1.99004614E-05    2.17242020E-03    2.17002948E-03    2.38372962E+00   -4.33010662E-03    4.12655909E-12    2.98414766E+02
      70    2.09014770E-05    2.23142833E-03    2.22889377E-03    2.52750692E+00   -4.43889762E-03    4.78111914E-12    2.98959377E+02
      71    2.09014770E-05    2.23142833E-03    2.22889377E-03    2.52750692E+00   -4.43889762E-03    4.78111914E-12    2.98959377E+02
      72    2.19025644E-05    2.28503602E-03    2.28236803E-03    2.66090701E+00   -4.53783410E-03    5.50153060E-12    2.99461905E+02
      73    2.19025644E-05    2.28503602E-03    2.28236803E-03    2.66090701E+00   -4.53783410E-03    5.50153060E-12    2.99461905E+02
      74    2.29037048E-05    2.33383799E-03    2.33104626E-03    2.78462149E+00   -4.62800964E-03    6.29094443E-12    2.99926031E+02
      75    2.29037048E-05    2.33383799E-03    2.33104626E-03    2.78462149E+00   -4.62800964E-03    6.29094443E-12    2.99926031E+02
      76    2.39048830E-05    2.37835966E-03    2.37545319E-03    2.89935495E+00   -4.71038414E-03    7.15251043E-12    3.00355144E+02
      77    2.39048830E-05    2.37835966E-03    2.37545319E-03    2.89935495E+00   -4.71038414E-03    7.15251043E-12    3.00355144E+02
      78    2.49060844E-05    2.41906392E-03    2.41605100E-03    3.00579786E+00   -4.78579952E-03    8.08937563E-12    3.00752342E+02
      79    2.49060844E-05    2.41906392E-03    2.41605100E-03    3.00579786E+00   -4.78579952E-03    8.08937563E-12    3.00752342E+02
      80    2.59073026E-05    2.45635828E-03    2.45324655E-03    3.10461121E+00   -4.85499480E-03    9.10469136E-12    3.01120450E+02
      81    2.59073026E-05    2.45635828E-03    2.45324655E-03    3.10461121E+00   -4.85499480E-03    9.10469136E-12    3.01120450E+02
      82    2.69085274E-05    2.49060098E-03    2.48739746E-03    3.19641635E+00   -4.91861856E-03    1.02016032E-11    3.01462027E+02
      83    2.79097519E-05    2.52210736E-03    2.51881847E-03    3.28179156E+00   -4.97724110E-03    1.13832575E-11    3.01779394E+02
      84    2.89109708E-05    2.55115515E-03    2.54778680E-03    3.36127060E+00   -5.03136461E-03    1.26528004E-11    3.02074650E+02
      85    2.99121778E-05    2.57798927E-03    2.57454686E-03    3.43534332E+00   -5.08143196E-03    1.40133747E-11    3.02349692E+02
      86    3.09133731E-05    2.60282615E-03    2.59931465E-03    3.50445804E+00   -5.12783480E-03    1.54681302E-11    3.02606235E+02
      87    3.19145521E-05    2.62585721E-03    2.62228116E-03    3.56902327E+00   -5.17091968E-03    1.70202094E-11    3.02845829E+02
      88    3.29157128E-05    2.64725215E-03    2.64361574E-03    3.62941108E+00   -5.21099419E-03    1.86727563E-11    3.03069877E+02
      89    3.39168535E-05    2.66716171E-03    2.66346877E-03    3.68595986E+00   -5.24833184E-03    2.04289150E-11    3.03279647E+02
      90    3.49179730E-05    2.68572004E-03    2.68197410E-03    3.73897725E+00   -5.28317633E-03    2.22918294E-11    3.03476287E+02
      91    3.59190705E-05    2.70304676E-03    2.69925108E-03    3.78874286E+00   -5.31574526E-03    2.42646428E-11    3.03660839E+02
      92    3.69201453E-05    2.71924879E-03    2.71540635E-03    3.83551092E+00   -5.34623334E-03    2.63504987E-11    3.03834249E+02
      93    3.79211935E-05    2.73442176E-03    2.73053535E-03    3.87951248E+00   -5.37481501E-03    2.85525319E-11    3.03997372E+02
      94    3.89222221E-05    2.74865166E-03    2.74472382E-03    3.92095830E+00   -5.40164731E-03    3.08739015E-11    3.04150991E+02
      95    3.99232276E-05    2.76201562E-03    2.75804872E-03    3.96003987E+00   -5.42687129E-03    3.33177427E-11    3.04295816E+02
      96    4.09242101E-05    2.77458315E-03    2.77057937E-03    3.99693190E+00   -5.45061424E-03    3.58871980E-11    3.04432493E+02
      97    5.18727158E-05    2.87422318E-03    2.86992230E-03    4.29421927E+00   -5.63968140E-03    7.30828698E-11    3.05531639E+02
      98    5.40593945E-05    2.88822403E-03    2.88388073E-03    4.33667662E+00   -5.66637515E-03    8.27203122E-11    3.05688052E+02
      99    6.94301813E-05    2.95642447E-03    2.95187207E-03    4.54592427E+00   -5.79691142E-03    1.75244151E-10    3.06454555E+02
     100    8.18390682E-05    2.98875338E-03    2.98410045E-03    4.64653602E+00   -5.85911024E-03    2.86999184E-10    3.06818804E+02
