 % Time.............:    3.7999999904059223E-004
 % Distribution.....:            0
 % Fluid flag.......:            0
 % Vaporization flag:            1
  %     ID      Diameter         X position        Y position         X velocity       Y velocity
       1    2.55552330E-06    1.20779049E-04    1.20778855E-04    1.60201483E-07   -1.93515136E-04
       2    3.66891880E-06    2.11180901E-04    2.11179914E-04    5.73381460E-04   -3.98475249E-04
       3    3.66891880E-06    2.11180901E-04    2.11179914E-04    5.73381460E-04   -3.98475249E-04
       4    4.72962053E-06    3.24067215E-04    3.24050000E-04    1.63102690E-02   -6.53925289E-04
       5    4.72962053E-06    3.24067215E-04    3.24050000E-04    1.63102690E-02   -6.53925289E-04
       6    4.72962053E-06    3.24067215E-04    3.24050000E-04    1.63102690E-02   -6.53925289E-04
       7    5.76793243E-06    4.53039188E-04    4.52945974E-04    9.13301212E-02   -9.35913384E-04
       8    5.76793243E-06    4.53039188E-04    4.52945974E-04    9.13301212E-02   -9.35913384E-04
       9    5.76793243E-06    4.53039188E-04    4.52945974E-04    9.13301212E-02   -9.35913384E-04
      10    5.76793243E-06    4.53039188E-04    4.52945974E-04    9.13301212E-02   -9.35913384E-04
      11    6.79481082E-06    5.87390419E-04    5.87135469E-04    2.51821922E-01   -1.21677039E-03
      12    6.79481082E-06    5.87390419E-04    5.87135469E-04    2.51821922E-01   -1.21677039E-03
      13    6.79481082E-06    5.87390419E-04    5.87135469E-04    2.51821922E-01   -1.21677039E-03
      14    6.79481082E-06    5.87390419E-04    5.87135469E-04    2.51821922E-01   -1.21677039E-03
      15    6.79481082E-06    5.87390419E-04    5.87135469E-04    2.51821922E-01   -1.21677039E-03
      16    7.81504187E-06    7.17576400E-04    7.17087880E-04    4.84206093E-01   -1.47873162E-03
      17    7.81504187E-06    7.17576400E-04    7.17087880E-04    4.84206093E-01   -1.47873162E-03
      18    7.81504187E-06    7.17576400E-04    7.17087880E-04    4.84206093E-01   -1.47873162E-03
      19    7.81504187E-06    7.17576400E-04    7.17087880E-04    4.84206093E-01   -1.47873162E-03
      20    7.81504187E-06    7.17576400E-04    7.17087880E-04    4.84206093E-01   -1.47873162E-03
      21    8.83100924E-06    8.37900295E-04    8.37135910E-04    7.59105925E-01   -1.71424057E-03
      22    8.83100924E-06    8.37900295E-04    8.37135910E-04    7.59105925E-01   -1.71424057E-03
      23    8.83100924E-06    8.37900295E-04    8.37135910E-04    7.59105925E-01   -1.71424057E-03
      24    8.83100924E-06    8.37900295E-04    8.37135910E-04    7.59105925E-01   -1.71424057E-03
      25    8.83100924E-06    8.37900295E-04    8.37135910E-04    7.59105925E-01   -1.71424057E-03
      26    9.73651316E-06    9.35124525E-04    9.34099581E-04    1.01901608E+00   -1.90114210E-03
      27    9.84403419E-06    9.46011382E-04    9.44955309E-04    1.05008079E+00   -1.92192064E-03
      28    9.84403419E-06    9.46011382E-04    9.44955309E-04    1.05008079E+00   -1.92192064E-03
      29    9.84403419E-06    9.46011382E-04    9.44955309E-04    1.05008079E+00   -1.92192064E-03
      30    9.84403419E-06    9.46011382E-04    9.44955309E-04    1.05008079E+00   -1.92192064E-03
      31    9.84403419E-06    9.46011382E-04    9.44955309E-04    1.05008079E+00   -1.92192064E-03
      32    1.08549198E-05    1.04162474E-03    1.04027934E-03    1.33892060E+00   -2.10336933E-03
      33    1.08549198E-05    1.04162474E-03    1.04027934E-03    1.33892060E+00   -2.10336933E-03
      34    1.08549198E-05    1.04162474E-03    1.04027934E-03    1.33892060E+00   -2.10336933E-03
      35    1.08549198E-05    1.04162474E-03    1.04027934E-03    1.33892060E+00   -2.10336933E-03
      36    1.08549198E-05    1.04162474E-03    1.04027934E-03    1.33892060E+00   -2.10336933E-03
      37    1.18641853E-05    1.12550543E-03    1.12388379E-03    1.61485299E+00   -2.26133908E-03
      38    1.18641853E-05    1.12550543E-03    1.12388379E-03    1.61485299E+00   -2.26133908E-03
      39    1.18641853E-05    1.12550543E-03    1.12388379E-03    1.61485299E+00   -2.26133908E-03
      40    1.18641853E-05    1.12550543E-03    1.12388379E-03    1.61485299E+00   -2.26133908E-03
      41    1.28721858E-05    1.19885129E-03    1.19697195E-03    1.87236887E+00   -2.39883698E-03
      42    1.28721858E-05    1.19885129E-03    1.19697195E-03    1.87236887E+00   -2.39883698E-03
      43    1.28721858E-05    1.19885129E-03    1.19697195E-03    1.87236887E+00   -2.39883698E-03
      44    1.28721858E-05    1.19885129E-03    1.19697195E-03    1.87236887E+00   -2.39883698E-03
      45    1.33213854E-05    1.22850745E-03    1.22651981E-03    1.98061943E+00   -2.45431768E-03
      46    1.38791775E-05    1.26296280E-03    1.26084646E-03    2.10929163E+00   -2.51872068E-03
      47    1.38791775E-05    1.26296280E-03    1.26084646E-03    2.10929163E+00   -2.51872068E-03
      48    1.38791775E-05    1.26296280E-03    1.26084646E-03    2.10929163E+00   -2.51872068E-03
      49    1.38791775E-05    1.26296280E-03    1.26084646E-03    2.10929163E+00   -2.51872068E-03
      50    1.48853462E-05    1.31908333E-03    1.31675087E-03    2.32540530E+00   -2.62354183E-03
      51    1.48853462E-05    1.31908333E-03    1.31675087E-03    2.32540530E+00   -2.62354183E-03
      52    1.48853462E-05    1.31908333E-03    1.31675087E-03    2.32540530E+00   -2.62354183E-03
      53    1.48853462E-05    1.31908333E-03    1.31675087E-03    2.32540530E+00   -2.62354183E-03
      54    1.58908360E-05    1.36833317E-03    1.36580457E-03    2.52157148E+00   -2.71550940E-03
      55    1.58908360E-05    1.36833317E-03    1.36580457E-03    2.52157148E+00   -2.71550940E-03
      56    1.58908360E-05    1.36833317E-03    1.36580457E-03    2.52157148E+00   -2.71550940E-03
      57    1.58908360E-05    1.36833317E-03    1.36580457E-03    2.52157148E+00   -2.71550940E-03
      58    1.68957563E-05    1.41169006E-03    1.40898391E-03    2.69918536E+00   -2.79650390E-03
      59    1.68957563E-05    1.41169006E-03    1.40898391E-03    2.69918536E+00   -2.79650390E-03
      60    1.68957563E-05    1.41169006E-03    1.40898391E-03    2.69918536E+00   -2.79650390E-03
      61    1.79001942E-05    1.44999294E-03    1.44712621E-03    2.85985628E+00   -2.86811317E-03
      62    1.79001942E-05    1.44999294E-03    1.44712621E-03    2.85985628E+00   -2.86811317E-03
      63    1.79001942E-05    1.44999294E-03    1.44712621E-03    2.85985628E+00   -2.86811317E-03
      64    1.89042174E-05    1.48395492E-03    1.48094292E-03    3.00522528E+00   -2.93167283E-03
      65    1.89042174E-05    1.48395492E-03    1.48094292E-03    3.00522528E+00   -2.93167283E-03
      66    1.89042174E-05    1.48395492E-03    1.48094292E-03    3.00522528E+00   -2.93167283E-03
      67    1.99078864E-05    1.51417967E-03    1.51103613E-03    3.13686800E+00   -2.98830576E-03
      68    1.99078864E-05    1.51417967E-03    1.51103613E-03    3.13686800E+00   -2.98830576E-03
      69    1.99078864E-05    1.51417967E-03    1.51103613E-03    3.13686800E+00   -2.98830576E-03
      70    2.09112458E-05    1.54117710E-03    1.53791430E-03    3.25624473E+00   -3.03895636E-03
      71    2.09112458E-05    1.54117710E-03    1.53791430E-03    3.25624473E+00   -3.03895636E-03
      72    2.19143343E-05    1.56537831E-03    1.56200717E-03    3.36468210E+00   -3.08442087E-03
      73    2.19143343E-05    1.56537831E-03    1.56200717E-03    3.36468210E+00   -3.08442087E-03
      74    2.29171842E-05    1.58714826E-03    1.58367855E-03    3.46336965E+00   -3.12537241E-03
      75    2.29171842E-05    1.58714826E-03    1.58367855E-03    3.46336965E+00   -3.12537241E-03
      76    2.39198229E-05    1.60679672E-03    1.60323711E-03    3.55336546E+00   -3.16238185E-03
      77    2.39198229E-05    1.60679672E-03    1.60323711E-03    3.55336546E+00   -3.16238185E-03
      78    2.49222718E-05    1.62458725E-03    1.62094551E-03    3.63560592E+00   -3.19593497E-03
      79    2.49222718E-05    1.62458725E-03    1.62094551E-03    3.63560592E+00   -3.19593497E-03
      80    2.54769778E-05    1.63371808E-03    1.63003391E-03    3.67809277E+00   -3.21317276E-03
      81    2.59245544E-05    1.64074501E-03    1.63702806E-03    3.71091795E+00   -3.22644685E-03
      82    2.59245544E-05    1.64074501E-03    1.63702806E-03    3.71091795E+00   -3.22644685E-03
      83    2.69266862E-05    1.65546278E-03    1.65167681E-03    3.78003004E+00   -3.25427315E-03
      84    2.79286819E-05    1.66890631E-03    1.66505687E-03    3.84358425E+00   -3.27971990E-03
      85    2.89305546E-05    1.68121858E-03    1.67731066E-03    3.90214657E+00   -3.30305140E-03
      86    2.99323138E-05    1.69252332E-03    1.68856142E-03    3.95621625E+00   -3.32449660E-03
      87    3.09339731E-05    1.70292807E-03    1.69891622E-03    4.00623463E+00   -3.34425472E-03
      88    3.19355395E-05    1.71252647E-03    1.70846834E-03    4.05259192E+00   -3.36249945E-03
      89    3.29370208E-05    1.72140040E-03    1.71729930E-03    4.09563404E+00   -3.37938286E-03
      90    3.39384239E-05    1.72962168E-03    1.72548061E-03    4.13566814E+00   -3.39503849E-03
      91    3.49397550E-05    1.73725347E-03    1.73307517E-03    4.17296743E+00   -3.40958396E-03
      92    3.59410198E-05    1.74435152E-03    1.74013847E-03    4.20777547E+00   -3.42312315E-03
      93    3.69422232E-05    1.75096514E-03    1.74671961E-03    4.24030974E+00   -3.43574808E-03
      94    3.79433661E-05    1.75713806E-03    1.75286212E-03    4.27076479E+00   -3.44754047E-03
      95    3.89444598E-05    1.76290924E-03    1.75860480E-03    4.29931534E+00   -3.45857321E-03
      96    3.99455043E-05    1.76831337E-03    1.76398217E-03    4.32611808E+00   -3.46891124E-03
      97    4.09465030E-05    1.77338148E-03    1.76902514E-03    4.35131412E+00   -3.47861275E-03
      98    5.60565145E-05    1.82310912E-03    1.81850294E-03    4.60162193E+00   -3.57415195E-03
      99    6.15751278E-05    1.83374394E-03    1.82908361E-03    4.65588679E+00   -3.59467468E-03
     100    8.43467852E-05    1.85964983E-03    1.85485649E-03    4.78917421E+00   -3.64482133E-03
