 % Time.............:    6.9999999823266990E-005
 % Distribution.....:            0
 % Fluid flag.......:            0
 % Vaporization flag:            1
 % Temperature flag.:   -1.32555305E+24
 %    ID      Diameter         X position        Y position        X velocity       Y velocity           Mass            Temperature
       1    2.91622380E-06    1.14179178E-04    1.13898287E-04    2.69335403E-01   -2.28985355E-04    1.29855750E-14    3.08000000E+02
       2    3.43660082E-06    1.44284154E-04    1.43683536E-04    5.82585223E-01   -2.89247030E-04    2.12513196E-14    3.08000000E+02
       3    3.93423698E-06    1.70237376E-04    1.69276558E-04    9.38420596E-01   -3.40189226E-04    3.18845421E-14    3.08000000E+02
       4    3.93423698E-06    1.70237376E-04    1.69276558E-04    9.38420596E-01   -3.40189226E-04    3.18845421E-14    3.08000000E+02
       5    4.94535935E-06    2.12707726E-04    2.11014084E-04    1.66766597E+00   -4.22272348E-04    6.33274787E-14    3.08000000E+02
       6    4.94535935E-06    2.12707726E-04    2.11014084E-04    1.66766597E+00   -4.22272348E-04    6.33274787E-14    3.08000000E+02
       7    4.94535935E-06    2.12707726E-04    2.11014084E-04    1.66766597E+00   -4.22272348E-04    6.33274787E-14    3.08000000E+02
       8    5.95301641E-06    2.43120160E-04    2.40807419E-04    2.28732112E+00   -4.80512046E-04    1.10461229E-13    3.08000000E+02
       9    5.95301641E-06    2.43120160E-04    2.40807419E-04    2.28732112E+00   -4.80512046E-04    1.10461229E-13    3.08000000E+02
      10    5.95301641E-06    2.43120160E-04    2.40807419E-04    2.28732112E+00   -4.80512046E-04    1.10461229E-13    3.08000000E+02
      11    5.95301641E-06    2.43120160E-04    2.40807419E-04    2.28732112E+00   -4.80512046E-04    1.10461229E-13    3.08000000E+02
      12    6.95864282E-06    2.64911171E-04    2.62111996E-04    2.77585473E+00   -5.22143059E-04    1.76429933E-13    3.08000000E+02
      13    6.95864282E-06    2.64911171E-04    2.62111996E-04    2.77585473E+00   -5.22143059E-04    1.76429933E-13    3.08000000E+02
      14    6.95864282E-06    2.64911171E-04    2.62111996E-04    2.77585473E+00   -5.22143059E-04    1.76429933E-13    3.08000000E+02
      15    6.95864282E-06    2.64911171E-04    2.62111996E-04    2.77585473E+00   -5.22143059E-04    1.76429933E-13    3.08000000E+02
      16    6.95864282E-06    2.64911171E-04    2.62111996E-04    2.77585473E+00   -5.22143059E-04    1.76429933E-13    3.08000000E+02
      17    7.96296578E-06    2.80808975E-04    2.77633956E-04    3.15415328E+00   -5.52524095E-04    2.64376703E-13    3.08000000E+02
      18    7.96296578E-06    2.80808975E-04    2.77633956E-04    3.15415328E+00   -5.52524095E-04    2.64376703E-13    3.08000000E+02
      19    7.96296578E-06    2.80808975E-04    2.77633956E-04    3.15415328E+00   -5.52524095E-04    2.64376703E-13    3.08000000E+02
      20    7.96296578E-06    2.80808975E-04    2.77633956E-04    3.15415328E+00   -5.52524095E-04    2.64376703E-13    3.08000000E+02
      21    7.96296578E-06    2.80808975E-04    2.77633956E-04    3.15415328E+00   -5.52524095E-04    2.64376703E-13    3.08000000E+02
      22    8.96639852E-06    2.92668300E-04    2.89201909E-04    3.44787275E+00   -5.75216485E-04    3.77444192E-13    3.08000000E+02
      23    8.96639852E-06    2.92668300E-04    2.89201909E-04    3.44787275E+00   -5.75216485E-04    3.77444192E-13    3.08000000E+02
      24    8.96639852E-06    2.92668300E-04    2.89201909E-04    3.44787275E+00   -5.75216485E-04    3.77444192E-13    3.08000000E+02
      25    8.96639852E-06    2.92668300E-04    2.89201909E-04    3.44787275E+00   -5.75216485E-04    3.77444192E-13    3.08000000E+02
      26    8.96639852E-06    2.92668300E-04    2.89201909E-04    3.44787275E+00   -5.75216485E-04    3.77444192E-13    3.08000000E+02
      27    9.96919321E-06    3.01711676E-04    2.98016960E-04    3.67828708E+00   -5.92548098E-04    5.18774563E-13    3.08000000E+02
      28    9.96919321E-06    3.01711676E-04    2.98016960E-04    3.67828708E+00   -5.92548098E-04    5.18774563E-13    3.08000000E+02
      29    9.96919321E-06    3.01711676E-04    2.98016960E-04    3.67828708E+00   -5.92548098E-04    5.18774563E-13    3.08000000E+02
      30    9.96919321E-06    3.01711676E-04    2.98016960E-04    3.67828708E+00   -5.92548098E-04    5.18774563E-13    3.08000000E+02
      31    9.96919321E-06    3.01711676E-04    2.98016960E-04    3.67828708E+00   -5.92548098E-04    5.18774563E-13    3.08000000E+02
      32    1.09715166E-05    3.08749001E-04    3.04873005E-04    3.86137628E+00   -6.06056866E-04    6.91510256E-13    3.08000000E+02
      33    1.09715166E-05    3.08749001E-04    3.04873005E-04    3.86137628E+00   -6.06056866E-04    6.91510256E-13    3.08000000E+02
      34    1.09715166E-05    3.08749001E-04    3.04873005E-04    3.86137628E+00   -6.06056866E-04    6.91510256E-13    3.08000000E+02
      35    1.09715166E-05    3.08749001E-04    3.04873005E-04    3.86137628E+00   -6.06056866E-04    6.91510256E-13    3.08000000E+02
      36    1.09715166E-05    3.08749001E-04    3.04873005E-04    3.86137628E+00   -6.06056866E-04    6.91510256E-13    3.08000000E+02
      37    1.19734799E-05    3.14325956E-04    3.10304086E-04    4.00879833E+00   -6.16778663E-04    8.98793244E-13    3.08000000E+02
      38    1.19734799E-05    3.14325956E-04    3.10304086E-04    4.00879833E+00   -6.16778663E-04    8.98793244E-13    3.08000000E+02
      39    1.19734799E-05    3.14325956E-04    3.10304086E-04    4.00879833E+00   -6.16778663E-04    8.98793244E-13    3.08000000E+02
      40    1.19734799E-05    3.14325956E-04    3.10304086E-04    4.00879833E+00   -6.16778663E-04    8.98793244E-13    3.08000000E+02
      41    1.29751612E-05    3.18817854E-04    3.14677082E-04    4.12902290E+00   -6.25426514E-04    1.14376530E-12    3.08000000E+02
      42    1.29751612E-05    3.18817854E-04    3.14677082E-04    4.12902290E+00   -6.25426514E-04    1.14376530E-12    3.08000000E+02
      43    1.29751612E-05    3.18817854E-04    3.14677082E-04    4.12902290E+00   -6.25426514E-04    1.14376530E-12    3.08000000E+02
      44    1.29751612E-05    3.18817854E-04    3.14677082E-04    4.12902290E+00   -6.25426514E-04    1.14376530E-12    3.08000000E+02
      45    1.39766196E-05    3.22488309E-04    3.18249448E-04    4.22824086E+00   -6.32501868E-04    1.42956884E-12    3.08000000E+02
      46    1.39766196E-05    3.22488309E-04    3.18249448E-04    4.22824086E+00   -6.32501868E-04    1.42956884E-12    3.08000000E+02
      47    1.39766196E-05    3.22488309E-04    3.18249448E-04    4.22824086E+00   -6.32501868E-04    1.42956884E-12    3.08000000E+02
      48    1.39766196E-05    3.22488309E-04    3.18249448E-04    4.22824086E+00   -6.32501868E-04    1.42956884E-12    3.08000000E+02
      49    1.49778961E-05    3.25526208E-04    3.21205533E-04    4.31102404E+00   -6.38364547E-04    1.75934525E-12    3.08000000E+02
      50    1.49778961E-05    3.25526208E-04    3.21205533E-04    4.31102404E+00   -6.38364547E-04    1.75934525E-12    3.08000000E+02
      51    1.49778961E-05    3.25526208E-04    3.21205533E-04    4.31102404E+00   -6.38364547E-04    1.75934525E-12    3.08000000E+02
      52    1.49778961E-05    3.25526208E-04    3.21205533E-04    4.31102404E+00   -6.38364547E-04    1.75934525E-12    3.08000000E+02
      53    1.59790247E-05    3.28069467E-04    3.23679861E-04    4.38079017E+00   -6.43277669E-04    2.13623702E-12    3.08000000E+02
      54    1.59790247E-05    3.28069467E-04    3.23679861E-04    4.38079017E+00   -6.43277669E-04    2.13623702E-12    3.08000000E+02
      55    1.59790247E-05    3.28069467E-04    3.23679861E-04    4.38079017E+00   -6.43277669E-04    2.13623702E-12    3.08000000E+02
      56    1.59790247E-05    3.28069467E-04    3.23679861E-04    4.38079017E+00   -6.43277669E-04    2.13623702E-12    3.08000000E+02
      57    1.69800296E-05    3.30220519E-04    3.25772300E-04    4.44012583E+00   -6.47436934E-04    2.56338574E-12    3.08000000E+02
      58    1.69800296E-05    3.30220519E-04    3.25772300E-04    4.44012583E+00   -6.47436934E-04    2.56338574E-12    3.08000000E+02
      59    1.69800296E-05    3.30220519E-04    3.25772300E-04    4.44012583E+00   -6.47436934E-04    2.56338574E-12    3.08000000E+02
      60    1.79809305E-05    3.32056657E-04    3.27558181E-04    4.49101298E+00   -6.50990219E-04    3.04393325E-12    3.08000000E+02
      61    1.79809305E-05    3.32056657E-04    3.27558181E-04    4.49101298E+00   -6.50990219E-04    3.04393325E-12    3.08000000E+02
      62    1.79809305E-05    3.32056657E-04    3.27558181E-04    4.49101298E+00   -6.50990219E-04    3.04393325E-12    3.08000000E+02
      63    1.89817413E-05    3.33637045E-04    3.29095146E-04    4.53498805E+00   -6.54050860E-04    3.58102033E-12    3.08000000E+02
      64    1.89817413E-05    3.33637045E-04    3.29095146E-04    4.53498805E+00   -6.54050860E-04    3.58102033E-12    3.08000000E+02
      65    1.89817413E-05    3.33637045E-04    3.29095146E-04    4.53498805E+00   -6.54050860E-04    3.58102033E-12    3.08000000E+02
      66    1.99824783E-05    3.35007581E-04    3.30427899E-04    4.57325573E+00   -6.56706882E-04    4.17779074E-12    3.08000000E+02
      67    1.99824783E-05    3.35007581E-04    3.30427899E-04    4.57325573E+00   -6.56706882E-04    4.17779074E-12    3.08000000E+02
      68    1.99824783E-05    3.35007581E-04    3.30427899E-04    4.57325573E+00   -6.56706882E-04    4.17779074E-12    3.08000000E+02
      69    2.09831499E-05    3.36204285E-04    3.31591519E-04    4.60677007E+00   -6.59027449E-04    4.83738535E-12    3.08000000E+02
      70    2.09831499E-05    3.36204285E-04    3.31591519E-04    4.60677007E+00   -6.59027449E-04    4.83738535E-12    3.08000000E+02
      71    2.19837647E-05    3.37255754E-04    3.32613844E-04    4.63629429E+00   -6.61067520E-04    5.56294592E-12    3.08000000E+02
      72    2.19837647E-05    3.37255754E-04    3.32613844E-04    4.63629429E+00   -6.61067520E-04    5.56294592E-12    3.08000000E+02
      73    2.29843298E-05    3.38184912E-04    3.33517193E-04    4.66244449E+00   -6.62871201E-04    6.35761421E-12    3.08000000E+02
      74    2.29843298E-05    3.38184912E-04    3.33517193E-04    4.66244449E+00   -6.62871201E-04    6.35761421E-12    3.08000000E+02
      75    2.39848512E-05    3.39010318E-04    3.34319625E-04    4.68572220E+00   -6.64474222E-04    7.22453199E-12    3.08000000E+02
      76    2.39848512E-05    3.39010318E-04    3.34319625E-04    4.68572220E+00   -6.64474222E-04    7.22453199E-12    3.08000000E+02
      77    2.49853319E-05    3.39747117E-04    3.35035882E-04    4.70653894E+00   -6.65905773E-04    8.16683921E-12    3.08000000E+02
      78    2.49853319E-05    3.39747117E-04    3.35035882E-04    4.70653894E+00   -6.65905773E-04    8.16683921E-12    3.08000000E+02
      79    2.59857801E-05    3.40407778E-04    3.35678094E-04    4.72523499E+00   -6.67189896E-04    9.18768103E-12    3.08000000E+02
      80    2.59857801E-05    3.40407778E-04    3.35678094E-04    4.72523499E+00   -6.67189896E-04    9.18768103E-12    3.08000000E+02
      81    2.61747217E-05    3.40524880E-04    3.35791923E-04    4.72855187E+00   -6.67417558E-04    9.38955162E-12    3.08000000E+02
      82    2.69861974E-05    3.41002633E-04    3.36256315E-04    4.74209348E+00   -6.68346534E-04    1.02901975E-11    3.08000000E+02
      83    2.79865870E-05    3.41540309E-04    3.36778936E-04    4.75735166E+00   -6.69392345E-04    1.14775304E-11    3.08000000E+02
      84    2.89869518E-05    3.42028054E-04    3.37253009E-04    4.77120947E+00   -6.70341331E-04    1.27528214E-11    3.08000000E+02
      85    2.99872922E-05    3.42471991E-04    3.37684489E-04    4.78383638E+00   -6.71205333E-04    1.41192097E-11    3.08000000E+02
      86    3.09876140E-05    3.42877329E-04    3.38078442E-04    4.79537688E+00   -6.71994424E-04    1.55798419E-11    3.08000000E+02
      87    3.19879171E-05    3.43248515E-04    3.38439193E-04    4.80595466E+00   -6.72717212E-04    1.71378573E-11    3.08000000E+02
      88    3.29882033E-05    3.43589368E-04    3.38770456E-04    4.81567615E+00   -6.73381091E-04    1.87963975E-11    3.08000000E+02
      89    3.39884739E-05    3.43903183E-04    3.39075436E-04    4.82463339E+00   -6.73992443E-04    2.05586044E-11    3.08000000E+02
      90    3.49887303E-05    3.44192816E-04    3.39356908E-04    4.83290625E+00   -6.74556801E-04    2.24276196E-11    3.08000000E+02
      91    3.59889734E-05    3.44460749E-04    3.39617287E-04    4.84056434E+00   -6.75078978E-04    2.44065847E-11    3.08000000E+02
      92    3.69892045E-05    3.44709152E-04    3.39858683E-04    4.84766855E+00   -6.75563182E-04    2.64986415E-11    3.08000000E+02
      93    3.79894207E-05    3.44939926E-04    3.40082944E-04    4.85427232E+00   -6.76013100E-04    2.87069233E-11    3.08000000E+02
      94    3.89896302E-05    3.45154746E-04    3.40291698E-04    4.86042281E+00   -6.76431983E-04    3.10345879E-11    3.08000000E+02
      95    3.99898300E-05    3.45355089E-04    3.40486381E-04    4.86616161E+00   -6.76822696E-04    3.34847691E-11    3.08000000E+02
      96    4.09900209E-05    3.45542261E-04    3.40668263E-04    4.87152563E+00   -6.77187777E-04    3.60606086E-11    3.08000000E+02
      97    6.82748447E-05    3.48068975E-04    3.43123339E-04    4.94417273E+00   -6.82121623E-04    1.66640591E-10    3.08000000E+02
      98    7.85067835E-05    3.48457081E-04    3.43500403E-04    4.95537106E+00   -6.82880471E-04    2.53349579E-10    3.08000000E+02
      99    8.97774512E-05    3.48753843E-04    3.43788716E-04    4.96394111E+00   -6.83460927E-04    3.78878925E-10    3.08000000E+02
     100    9.87754274E-05    3.48928426E-04    3.43958325E-04    4.96898579E+00   -6.83802494E-04    5.04597840E-10    3.08000000E+02
