 % Time.............:    8.1999999792969902E-004
 % Distribution.....:            0
 % Fluid flag.......:            0
 % Vaporization flag:            1
 % Temperature flag.:   -1.32555305E+24
 %    ID      Diameter         X position        Y position        X velocity       Y velocity           Mass            Temperature
       1    1.93646097E-06    1.20779052E-04    1.20778940E-04    7.96165039E-21   -1.11120442E-04    3.80211175E-15    3.08000000E+02
       2    2.65263040E-06    1.63905354E-04    1.63905146E-04    3.93473059E-13   -2.08499529E-04    9.77302165E-15    3.08000000E+02
       3    3.26768505E-06    2.11203388E-04    2.11203071E-04    2.10310467E-09   -3.16376710E-04    1.82691864E-14    3.08000000E+02
       4    3.26768505E-06    2.11203388E-04    2.11203071E-04    2.10310467E-09   -3.16376710E-04    1.82691864E-14    3.08000000E+02
       5    4.42453577E-06    3.25127023E-04    3.25126430E-04    1.28813955E-05   -5.79936229E-04    4.53525559E-14    3.08000000E+02
       6    4.42453577E-06    3.25127023E-04    3.25126430E-04    1.28813955E-05   -5.79936229E-04    4.53525559E-14    3.08000000E+02
       7    4.42453577E-06    3.25127023E-04    3.25126430E-04    1.28813955E-05   -5.79936229E-04    4.53525559E-14    3.08000000E+02
       8    5.51767765E-06    4.61740653E-04    4.61738914E-04    8.28438468E-04   -9.00541157E-04    8.79564329E-14    3.08000000E+02
       9    5.51767765E-06    4.61740653E-04    4.61738914E-04    8.28438468E-04   -9.00541157E-04    8.79564329E-14    3.08000000E+02
      10    5.51767765E-06    4.61740653E-04    4.61738914E-04    8.28438468E-04   -9.00541157E-04    8.79564329E-14    3.08000000E+02
      11    5.51767765E-06    4.61740653E-04    4.61738914E-04    8.28438468E-04   -9.00541157E-04    8.79564329E-14    3.08000000E+02
      12    6.57930133E-06    6.19519989E-04    6.19509997E-04    8.65379053E-03   -1.26960972E-03    1.49120711E-13    3.08000000E+02
      13    6.57930133E-06    6.19519989E-04    6.19509997E-04    8.65379053E-03   -1.26960972E-03    1.49120711E-13    3.08000000E+02
      14    6.57930133E-06    6.19519989E-04    6.19509997E-04    8.65379053E-03   -1.26960972E-03    1.49120711E-13    3.08000000E+02
      15    6.57930133E-06    6.19519989E-04    6.19509997E-04    8.65379053E-03   -1.26960972E-03    1.49120711E-13    3.08000000E+02
      16    6.57930133E-06    6.19519989E-04    6.19509997E-04    8.65379053E-03   -1.26960972E-03    1.49120711E-13    3.08000000E+02
      17    7.62338640E-06    7.94630076E-04    7.94590784E-04    3.74030274E-02   -1.66940809E-03    2.31975668E-13    3.08000000E+02
      18    7.62338640E-06    7.94630076E-04    7.94590784E-04    3.74030274E-02   -1.66940809E-03    2.31975668E-13    3.08000000E+02
      19    7.62338640E-06    7.94630076E-04    7.94590784E-04    3.74030274E-02   -1.66940809E-03    2.31975668E-13    3.08000000E+02
      20    7.62338640E-06    7.94630076E-04    7.94590784E-04    3.74030274E-02   -1.66940809E-03    2.31975668E-13    3.08000000E+02
      21    7.62338640E-06    7.94630076E-04    7.94590784E-04    3.74030274E-02   -1.66940809E-03    2.31975668E-13    3.08000000E+02
      22    8.65681990E-06    9.80720771E-04    9.80618489E-04    9.97440173E-02   -2.07916233E-03    3.39682976E-13    3.08000000E+02
      23    8.65681990E-06    9.80720771E-04    9.80618489E-04    9.97440173E-02   -2.07916233E-03    3.39682976E-13    3.08000000E+02
      24    8.65681990E-06    9.80720771E-04    9.80618489E-04    9.97440173E-02   -2.07916233E-03    3.39682976E-13    3.08000000E+02
      25    8.65681990E-06    9.80720771E-04    9.80618489E-04    9.97440173E-02   -2.07916233E-03    3.39682976E-13    3.08000000E+02
      26    8.65681990E-06    9.80720771E-04    9.80618489E-04    9.97440173E-02   -2.07916233E-03    3.39682976E-13    3.08000000E+02
      27    9.68332189E-06    1.17065987E-03    1.17045708E-03    1.99562818E-01   -2.48184816E-03    4.75413753E-13    3.08000000E+02
      28    9.68332189E-06    1.17065987E-03    1.17045708E-03    1.99562818E-01   -2.48184816E-03    4.75413753E-13    3.08000000E+02
      29    9.68332189E-06    1.17065987E-03    1.17045708E-03    1.99562818E-01   -2.48184816E-03    4.75413753E-13    3.08000000E+02
      30    9.68332189E-06    1.17065987E-03    1.17045708E-03    1.99562818E-01   -2.48184816E-03    4.75413753E-13    3.08000000E+02
      31    9.68332189E-06    1.17065987E-03    1.17045708E-03    1.99562818E-01   -2.48184816E-03    4.75413753E-13    3.08000000E+02
      32    1.07050473E-05    1.35826626E-03    1.35792961E-03    3.32758635E-01   -2.86638147E-03    6.42339167E-13    3.08000000E+02
      33    1.07050473E-05    1.35826626E-03    1.35792961E-03    3.32758635E-01   -2.86638147E-03    6.42339167E-13    3.08000000E+02
      34    1.07050473E-05    1.35826626E-03    1.35792961E-03    3.32758635E-01   -2.86638147E-03    6.42339167E-13    3.08000000E+02
      35    1.07050473E-05    1.35826626E-03    1.35792961E-03    3.32758635E-01   -2.86638147E-03    6.42339167E-13    3.08000000E+02
      36    1.07050473E-05    1.35826626E-03    1.35792961E-03    3.32758635E-01   -2.86638147E-03    6.42339167E-13    3.08000000E+02
      37    1.17233155E-05    1.53905259E-03    1.53855674E-03    4.91320383E-01   -3.22677865E-03    8.43626076E-13    3.08000000E+02
      38    1.17233155E-05    1.53905259E-03    1.53855674E-03    4.91320383E-01   -3.22677865E-03    8.43626076E-13    3.08000000E+02
      39    1.17233155E-05    1.53905259E-03    1.53855674E-03    4.91320383E-01   -3.22677865E-03    8.43626076E-13    3.08000000E+02
      40    1.17233155E-05    1.53905259E-03    1.53855674E-03    4.91320383E-01   -3.22677865E-03    8.43626076E-13    3.08000000E+02
      41    1.27389792E-05    1.71020601E-03    1.70953433E-03    6.66597194E-01   -3.56058364E-03    1.08243673E-12    3.08000000E+02
      42    1.27389792E-05    1.71020601E-03    1.70953433E-03    6.66597194E-01   -3.56058364E-03    1.08243673E-12    3.08000000E+02
      43    1.27389792E-05    1.71020601E-03    1.70953433E-03    6.66597194E-01   -3.56058364E-03    1.08243673E-12    3.08000000E+02
      44    1.27389792E-05    1.71020601E-03    1.70953433E-03    6.66597194E-01   -3.56058364E-03    1.08243673E-12    3.08000000E+02
      45    1.37526184E-05    1.87024858E-03    1.86939204E-03    8.50976440E-01   -3.86751931E-03    1.36193009E-12    3.08000000E+02
      46    1.37526184E-05    1.87024858E-03    1.86939204E-03    8.50976440E-01   -3.86751931E-03    1.36193009E-12    3.08000000E+02
      47    1.37526184E-05    1.87024858E-03    1.86939204E-03    8.50976440E-01   -3.86751931E-03    1.36193009E-12    3.08000000E+02
      48    1.37526184E-05    1.87024858E-03    1.86939204E-03    8.50976440E-01   -3.86751931E-03    1.36193009E-12    3.08000000E+02
      49    1.47646392E-05    2.01864792E-03    2.01760349E-03    1.03844077E+00   -4.14854627E-03    1.68526092E-12    3.08000000E+02
      50    1.47646392E-05    2.01864792E-03    2.01760349E-03    1.03844077E+00   -4.14854627E-03    1.68526092E-12    3.08000000E+02
      51    1.47646392E-05    2.01864792E-03    2.01760349E-03    1.03844077E+00   -4.14854627E-03    1.68526092E-12    3.08000000E+02
      52    1.47646392E-05    2.01864792E-03    2.01760349E-03    1.03844077E+00   -4.14854627E-03    1.68526092E-12    3.08000000E+02
      53    1.57753412E-05    2.15549093E-03    2.15426002E-03    1.22455619E+00   -4.40526789E-03    2.05558253E-12    3.08000000E+02
      54    1.57753412E-05    2.15549093E-03    2.15426002E-03    1.22455619E+00   -4.40526789E-03    2.05558253E-12    3.08000000E+02
      55    1.57753412E-05    2.15549093E-03    2.15426002E-03    1.22455619E+00   -4.40526789E-03    2.05558253E-12    3.08000000E+02
      56    1.57753412E-05    2.15549093E-03    2.15426002E-03    1.22455619E+00   -4.40526789E-03    2.05558253E-12    3.08000000E+02
      57    1.67849476E-05    2.28123990E-03    2.27982702E-03    1.40623276E+00   -4.63956686E-03    2.47604538E-12    3.08000000E+02
      58    1.67849476E-05    2.28123990E-03    2.27982702E-03    1.40623276E+00   -4.63956686E-03    2.47604538E-12    3.08000000E+02
      59    1.67849476E-05    2.28123990E-03    2.27982702E-03    1.40623276E+00   -4.63956686E-03    2.47604538E-12    3.08000000E+02
      60    1.77936310E-05    2.39656519E-03    2.39497685E-03    1.58143683E+00   -4.85339532E-03    2.94979864E-12    3.08000000E+02
      61    1.77936310E-05    2.39656519E-03    2.39497685E-03    1.58143683E+00   -4.85339532E-03    2.94979864E-12    3.08000000E+02
      62    1.77936310E-05    2.39656519E-03    2.39497685E-03    1.58143683E+00   -4.85339532E-03    2.94979864E-12    3.08000000E+02
      63    1.88015255E-05    2.50223427E-03    2.50047822E-03    1.74892565E+00   -5.04865602E-03    3.47998924E-12    3.08000000E+02
      64    1.88015255E-05    2.50223427E-03    2.50047822E-03    1.74892565E+00   -5.04865602E-03    3.47998924E-12    3.08000000E+02
      65    1.88015255E-05    2.50223427E-03    2.50047822E-03    1.74892565E+00   -5.04865602E-03    3.47998924E-12    3.08000000E+02
      66    1.98087439E-05    2.59904250E-03    2.59712716E-03    1.90803080E+00   -5.22714165E-03    4.06976607E-12    3.08000000E+02
      67    1.98087439E-05    2.59904250E-03    2.59712716E-03    1.90803080E+00   -5.22714165E-03    4.06976607E-12    3.08000000E+02
      68    1.98087439E-05    2.59904250E-03    2.59712716E-03    1.90803080E+00   -5.22714165E-03    4.06976607E-12    3.08000000E+02
      69    2.08153729E-05    2.68776963E-03    2.68570369E-03    2.05848746E+00   -5.39050397E-03    4.72227442E-12    3.08000000E+02
      70    2.08153729E-05    2.68776963E-03    2.68570369E-03    2.05848746E+00   -5.39050397E-03    4.72227442E-12    3.08000000E+02
      71    2.18214856E-05    2.76915641E-03    2.76694851E-03    2.20030902E+00   -5.54024605E-03    5.44065987E-12    3.08000000E+02
      72    2.18214856E-05    2.76915641E-03    2.76694851E-03    2.20030902E+00   -5.54024605E-03    5.44065987E-12    3.08000000E+02
      73    2.28271430E-05    2.84389188E-03    2.84155049E-03    2.33369412E+00   -5.67772368E-03    6.22806751E-12    3.08000000E+02
      74    2.28271430E-05    2.84389188E-03    2.84155049E-03    2.33369412E+00   -5.67772368E-03    6.22806751E-12    3.08000000E+02
      75    2.38323963E-05    2.91260831E-03    2.91014156E-03    2.45895981E+00   -5.80415320E-03    7.08764198E-12    3.08000000E+02
      76    2.38323963E-05    2.91260831E-03    2.91014156E-03    2.45895981E+00   -5.80415320E-03    7.08764198E-12    3.08000000E+02
      77    2.48372875E-05    2.97588045E-03    2.97329609E-03    2.57649392E+00   -5.92062188E-03    8.02252586E-12    3.08000000E+02
      78    2.48372875E-05    2.97588045E-03    2.97329609E-03    2.57649392E+00   -5.92062188E-03    8.02252586E-12    3.08000000E+02
      79    2.58418574E-05    3.03422801E-03    3.03153335E-03    2.68672271E+00   -6.02810057E-03    9.03586658E-12    3.08000000E+02
      80    2.58418574E-05    3.03422801E-03    3.03153335E-03    2.68672271E+00   -6.02810057E-03    9.03586658E-12    3.08000000E+02
      81    2.60315475E-05    3.04473381E-03    3.04201911E-03    2.70675647E+00   -6.04746227E-03    9.23631195E-12    3.08000000E+02
      82    2.68461364E-05    3.08811838E-03    3.08532030E-03    2.79008667E+00   -6.12745416E-03    1.01308063E-11    3.08000000E+02
      83    2.78501525E-05    3.13797123E-03    3.13507617E-03    2.88702587E+00   -6.21945371E-03    1.13104886E-11    3.08000000E+02
      84    2.88539301E-05    3.18416277E-03    3.18117672E-03    2.97796954E+00   -6.30478672E-03    1.25780570E-11    3.08000000E+02
      85    2.98574886E-05    3.22702986E-03    3.22395842E-03    3.06332947E+00   -6.38406641E-03    1.39366521E-11    3.08000000E+02
      86    3.08608506E-05    3.26687449E-03    3.26372285E-03    3.14349675E+00   -6.45784088E-03    1.53894221E-11    3.08000000E+02
      87    3.18640310E-05    3.30396696E-03    3.30073996E-03    3.21883891E+00   -6.52659977E-03    1.69395076E-11    3.08000000E+02
      88    3.28670445E-05    3.33854972E-03    3.33525183E-03    3.28969975E+00   -6.59078163E-03    1.85900515E-11    3.08000000E+02
      89    3.38699044E-05    3.37084031E-03    3.36747571E-03    3.35639929E+00   -6.65077970E-03    2.03441967E-11    3.08000000E+02
      90    3.48726225E-05    3.40103418E-03    3.39760674E-03    3.41923447E+00   -6.70694708E-03    2.22050860E-11    3.08000000E+02
      91    3.58752095E-05    3.42930713E-03    3.42582042E-03    3.47848010E+00   -6.75960136E-03    2.41758621E-11    3.08000000E+02
      92    3.68776748E-05    3.45581748E-03    3.45227485E-03    3.53439011E+00   -6.80902867E-03    2.62596677E-11    3.08000000E+02
      93    3.78800236E-05    3.48070795E-03    3.47711251E-03    3.58719866E+00   -6.85548699E-03    2.84596370E-11    3.08000000E+02
      94    3.88822709E-05    3.50410770E-03    3.50046233E-03    3.63712225E+00   -6.89920997E-03    3.07789287E-11    3.08000000E+02
      95    3.98844203E-05    3.52613333E-03    3.52244072E-03    3.68435987E+00   -6.94040865E-03    3.32206775E-11    3.08000000E+02
      96    4.08864781E-05    3.54689052E-03    3.54315317E-03    3.72909515E+00   -6.97927453E-03    3.57880258E-11    3.08000000E+02
      97    6.82031178E-05    3.84538750E-03    3.84098346E-03    4.39583479E+00   -7.54328256E-03    1.66115944E-10    3.08000000E+02
      98    7.84418387E-05    3.89452595E-03    3.89000794E-03    4.50982671E+00   -7.63723237E-03    2.52721348E-10    3.08000000E+02
      99    8.97183782E-05    3.93275219E-03    3.92814468E-03    4.59934757E+00   -7.71058309E-03    3.78131518E-10    3.08000000E+02
     100    9.87201851E-05    3.95551341E-03    3.95085226E-03    4.65300537E+00   -7.75437652E-03    5.03751692E-10    3.08000000E+02
