 % Time.............:    7.9999999798019417E-005
 % Distribution.....:            0
 % Fluid flag.......:            0
 % Vaporization flag:            1
  %     ID      Diameter         X position        Y position         X velocity       Y velocity
       1    1.99999999E-06    4.45135029E-05    4.45126403E-05    4.47092024E-04   -3.56090348E-04
       2    1.99999999E-06    4.45135029E-05    4.45126403E-05    4.47092024E-04   -3.56090348E-04
       3    1.99999999E-06    4.45135029E-05    4.45126403E-05    4.47092024E-04   -3.56090348E-04
       4    1.99999999E-06    4.45135029E-05    4.45126403E-05    4.47092024E-04   -3.56090348E-04
       5    1.99999999E-06    4.45135029E-05    4.45126403E-05    4.47092024E-04   -3.56090348E-04
       6    3.00000011E-06    9.84949117E-05    9.84066371E-05    8.31364387E-02   -7.79561890E-04
       7    3.00000011E-06    9.84949117E-05    9.84066371E-05    8.31364387E-02   -7.79561890E-04
       8    3.00000011E-06    9.84949117E-05    9.84066371E-05    8.31364387E-02   -7.79561890E-04
       9    3.00000011E-06    9.84949117E-05    9.84066371E-05    8.31364387E-02   -7.79561890E-04
      10    3.00000011E-06    9.84949117E-05    9.84066371E-05    8.31364387E-02   -7.79561890E-04
      11    3.00000011E-06    9.84949117E-05    9.84066371E-05    8.31364387E-02   -7.79561890E-04
      12    3.00000011E-06    9.84949117E-05    9.84066371E-05    8.31364387E-02   -7.79561890E-04
      13    3.00000011E-06    9.84949117E-05    9.84066371E-05    8.31364387E-02   -7.79561890E-04
      14    3.00000011E-06    9.84949117E-05    9.84066371E-05    8.31364387E-02   -7.79561890E-04
      15    3.00000011E-06    9.84949117E-05    9.84066371E-05    8.31364387E-02   -7.79561890E-04
      16    3.00000011E-06    9.84949117E-05    9.84066371E-05    8.31364387E-02   -7.79561890E-04
      17    3.00000011E-06    9.84949117E-05    9.84066371E-05    8.31364387E-02   -7.79561890E-04
      18    3.00000011E-06    9.84949117E-05    9.84066371E-05    8.31364387E-02   -7.79561890E-04
      19    3.00000011E-06    9.84949117E-05    9.84066371E-05    8.31364387E-02   -7.79561890E-04
      20    3.99999999E-06    1.59823115E-04    1.59295378E-04    5.12167094E-01   -7.83350038E-04
      21    3.99999999E-06    1.59823115E-04    1.59295378E-04    5.12167094E-01   -7.83350038E-04
      22    3.99999999E-06    1.59823115E-04    1.59295378E-04    5.12167094E-01   -7.83350038E-04
      23    3.99999999E-06    1.59823115E-04    1.59295378E-04    5.12167094E-01   -7.83350038E-04
      24    3.99999999E-06    1.59823115E-04    1.59295378E-04    5.12167094E-01   -7.83350038E-04
      25    3.99999999E-06    1.59823115E-04    1.59295378E-04    5.12167094E-01   -7.83350038E-04
      26    3.99999999E-06    1.59823115E-04    1.59295378E-04    5.12167094E-01   -7.83350038E-04
      27    3.99999999E-06    1.59823115E-04    1.59295378E-04    5.12167094E-01   -7.83350038E-04
      28    3.99999999E-06    1.59823115E-04    1.59295378E-04    5.12167094E-01   -7.83350038E-04
      29    3.99999999E-06    1.59823115E-04    1.59295378E-04    5.12167094E-01   -7.83350038E-04
      30    3.99999999E-06    1.59823115E-04    1.59295378E-04    5.12167094E-01   -7.83350038E-04
      31    3.99999999E-06    1.59823115E-04    1.59295378E-04    5.12167094E-01   -7.83350038E-04
      32    3.99999999E-06    1.59823115E-04    1.59295378E-04    5.12167094E-01   -7.83350038E-04
      33    3.99999999E-06    1.59823115E-04    1.59295378E-04    5.12167094E-01   -7.83350038E-04
      34    3.99999999E-06    1.59823115E-04    1.59295378E-04    5.12167094E-01   -7.83350038E-04
      35    3.99999999E-06    1.59823115E-04    1.59295378E-04    5.12167094E-01   -7.83350038E-04
      36    3.99999999E-06    1.59823115E-04    1.59295378E-04    5.12167094E-01   -7.83350038E-04
      37    3.99999999E-06    1.59823115E-04    1.59295378E-04    5.12167094E-01   -7.83350038E-04
      38    3.99999999E-06    1.59823115E-04    1.59295378E-04    5.12167094E-01   -7.83350038E-04
      39    3.99999999E-06    1.59823115E-04    1.59295378E-04    5.12167094E-01   -7.83350038E-04
      40    3.99999999E-06    1.59823115E-04    1.59295378E-04    5.12167094E-01   -7.83350038E-04
      41    3.99999999E-06    1.59823115E-04    1.59295378E-04    5.12167094E-01   -7.83350038E-04
      42    3.99999999E-06    1.59823115E-04    1.59295378E-04    5.12167094E-01   -7.83350038E-04
      43    3.99999999E-06    1.59823115E-04    1.59295378E-04    5.12167094E-01   -7.83350038E-04
      44    3.99999999E-06    1.59823115E-04    1.59295378E-04    5.12167094E-01   -7.83350038E-04
      45    4.99999987E-06    2.13010421E-04    2.11816254E-04    1.17194695E+00   -7.83709941E-04
      46    4.99999987E-06    2.13010421E-04    2.11816254E-04    1.17194695E+00   -7.83709941E-04
      47    4.99999987E-06    2.13010421E-04    2.11816254E-04    1.17194695E+00   -7.83709941E-04
      48    4.99999987E-06    2.13010421E-04    2.11816254E-04    1.17194695E+00   -7.83709941E-04
      49    4.99999987E-06    2.13010421E-04    2.11816254E-04    1.17194695E+00   -7.83709941E-04
      50    4.99999987E-06    2.13010421E-04    2.11816254E-04    1.17194695E+00   -7.83709941E-04
      51    4.99999987E-06    2.13010421E-04    2.11816254E-04    1.17194695E+00   -7.83709941E-04
      52    4.99999987E-06    2.13010421E-04    2.11816254E-04    1.17194695E+00   -7.83709941E-04
      53    4.99999987E-06    2.13010421E-04    2.11816254E-04    1.17194695E+00   -7.83709941E-04
      54    4.99999987E-06    2.13010421E-04    2.11816254E-04    1.17194695E+00   -7.83709941E-04
      55    4.99999987E-06    2.13010421E-04    2.11816254E-04    1.17194695E+00   -7.83709941E-04
      56    4.99999987E-06    2.13010421E-04    2.11816254E-04    1.17194695E+00   -7.83709941E-04
      57    4.99999987E-06    2.13010421E-04    2.11816254E-04    1.17194695E+00   -7.83709941E-04
      58    4.99999987E-06    2.13010421E-04    2.11816254E-04    1.17194695E+00   -7.83709941E-04
      59    4.99999987E-06    2.13010421E-04    2.11816254E-04    1.17194695E+00   -7.83709941E-04
      60    4.99999987E-06    2.13010421E-04    2.11816254E-04    1.17194695E+00   -7.83709941E-04
      61    4.99999987E-06    2.13010421E-04    2.11816254E-04    1.17194695E+00   -7.83709941E-04
      62    4.99999987E-06    2.13010421E-04    2.11816254E-04    1.17194695E+00   -7.83709941E-04
      63    4.99999987E-06    2.13010421E-04    2.11816254E-04    1.17194695E+00   -7.83709941E-04
      64    4.99999987E-06    2.13010421E-04    2.11816254E-04    1.17194695E+00   -7.83709941E-04
      65    4.99999987E-06    2.13010421E-04    2.11816254E-04    1.17194695E+00   -7.83709941E-04
      66    4.99999987E-06    2.13010421E-04    2.11816254E-04    1.17194695E+00   -7.83709941E-04
      67    4.99999987E-06    2.13010421E-04    2.11816254E-04    1.17194695E+00   -7.83709941E-04
      68    4.99999987E-06    2.13010421E-04    2.11816254E-04    1.17194695E+00   -7.83709941E-04
      69    4.99999987E-06    2.13010421E-04    2.11816254E-04    1.17194695E+00   -7.83709941E-04
      70    4.99999987E-06    2.13010421E-04    2.11816254E-04    1.17194695E+00   -7.83709941E-04
      71    4.99999987E-06    2.13010421E-04    2.11816254E-04    1.17194695E+00   -7.83709941E-04
      72    4.99999987E-06    2.13010421E-04    2.11816254E-04    1.17194695E+00   -7.83709941E-04
      73    4.99999987E-06    2.13010421E-04    2.11816254E-04    1.17194695E+00   -7.83709941E-04
      74    4.99999987E-06    2.13010421E-04    2.11816254E-04    1.17194695E+00   -7.83709941E-04
      75    4.99999987E-06    2.13010421E-04    2.11816254E-04    1.17194695E+00   -7.83709941E-04
      76    4.99999987E-06    2.13010421E-04    2.11816254E-04    1.17194695E+00   -7.83709941E-04
      77    4.99999987E-06    2.13010421E-04    2.11816254E-04    1.17194695E+00   -7.83709941E-04
      78    4.99999987E-06    2.13010421E-04    2.11816254E-04    1.17194695E+00   -7.83709941E-04
      79    6.00000021E-06    2.53941941E-04    2.52087225E-04    1.83080480E+00   -7.83800160E-04
      80    6.00000021E-06    2.53941941E-04    2.52087225E-04    1.83080480E+00   -7.83800160E-04
      81    6.00000021E-06    2.53941941E-04    2.52087225E-04    1.83080480E+00   -7.83800160E-04
      82    6.00000021E-06    2.53941941E-04    2.52087225E-04    1.83080480E+00   -7.83800160E-04
      83    6.00000021E-06    2.53941941E-04    2.52087225E-04    1.83080480E+00   -7.83800160E-04
      84    6.00000021E-06    2.53941941E-04    2.52087225E-04    1.83080480E+00   -7.83800160E-04
      85    6.00000021E-06    2.53941941E-04    2.52087225E-04    1.83080480E+00   -7.83800160E-04
      86    6.00000021E-06    2.53941941E-04    2.52087225E-04    1.83080480E+00   -7.83800160E-04
      87    6.00000021E-06    2.53941941E-04    2.52087225E-04    1.83080480E+00   -7.83800160E-04
      88    6.00000021E-06    2.53941941E-04    2.52087225E-04    1.83080480E+00   -7.83800160E-04
      89    6.00000021E-06    2.53941941E-04    2.52087225E-04    1.83080480E+00   -7.83800160E-04
      90    6.00000021E-06    2.53941941E-04    2.52087225E-04    1.83080480E+00   -7.83800160E-04
      91    6.00000021E-06    2.53941941E-04    2.52087225E-04    1.83080480E+00   -7.83800160E-04
      92    6.00000021E-06    2.53941941E-04    2.52087225E-04    1.83080480E+00   -7.83800160E-04
      93    6.00000021E-06    2.53941941E-04    2.52087225E-04    1.83080480E+00   -7.83800160E-04
      94    6.00000021E-06    2.53941941E-04    2.52087225E-04    1.83080480E+00   -7.83800160E-04
      95    6.00000021E-06    2.53941941E-04    2.52087225E-04    1.83080480E+00   -7.83800160E-04
      96    6.00000021E-06    2.53941941E-04    2.52087225E-04    1.83080480E+00   -7.83800160E-04
      97    6.00000021E-06    2.53941941E-04    2.52087225E-04    1.83080480E+00   -7.83800160E-04
      98    6.00000021E-06    2.53941941E-04    2.52087225E-04    1.83080480E+00   -7.83800160E-04
      99    6.00000021E-06    2.53941941E-04    2.52087225E-04    1.83080480E+00   -7.83800160E-04
     100    6.00000021E-06    2.53941941E-04    2.52087225E-04    1.83080480E+00   -7.83800160E-04
     101    6.00000021E-06    2.53941941E-04    2.52087225E-04    1.83080480E+00   -7.83800160E-04
     102    6.00000021E-06    2.53941941E-04    2.52087225E-04    1.83080480E+00   -7.83800160E-04
     103    6.00000021E-06    2.53941941E-04    2.52087225E-04    1.83080480E+00   -7.83800160E-04
     104    6.00000021E-06    2.53941941E-04    2.52087225E-04    1.83080480E+00   -7.83800160E-04
     105    6.00000021E-06    2.53941941E-04    2.52087225E-04    1.83080480E+00   -7.83800160E-04
     106    6.00000021E-06    2.53941941E-04    2.52087225E-04    1.83080480E+00   -7.83800160E-04
     107    6.00000021E-06    2.53941941E-04    2.52087225E-04    1.83080480E+00   -7.83800160E-04
     108    6.00000021E-06    2.53941941E-04    2.52087225E-04    1.83080480E+00   -7.83800160E-04
     109    6.00000021E-06    2.53941941E-04    2.52087225E-04    1.83080480E+00   -7.83800160E-04
     110    6.00000021E-06    2.53941941E-04    2.52087225E-04    1.83080480E+00   -7.83800160E-04
     111    6.00000021E-06    2.53941941E-04    2.52087225E-04    1.83080480E+00   -7.83800160E-04
     112    6.00000021E-06    2.53941941E-04    2.52087225E-04    1.83080480E+00   -7.83800160E-04
     113    6.00000021E-06    2.53941941E-04    2.52087225E-04    1.83080480E+00   -7.83800160E-04
     114    6.00000021E-06    2.53941941E-04    2.52087225E-04    1.83080480E+00   -7.83800160E-04
     115    6.00000021E-06    2.53941941E-04    2.52087225E-04    1.83080480E+00   -7.83800160E-04
     116    6.00000021E-06    2.53941941E-04    2.52087225E-04    1.83080480E+00   -7.83800160E-04
     117    6.00000021E-06    2.53941941E-04    2.52087225E-04    1.83080480E+00   -7.83800160E-04
     118    6.00000021E-06    2.53941941E-04    2.52087225E-04    1.83080480E+00   -7.83800160E-04
     119    6.00000021E-06    2.53941941E-04    2.52087225E-04    1.83080480E+00   -7.83800160E-04
     120    7.00000010E-06    2.84331331E-04    2.81915441E-04    2.39297188E+00   -7.83834965E-04
     121    7.00000010E-06    2.84331331E-04    2.81915441E-04    2.39297188E+00   -7.83834965E-04
     122    7.00000010E-06    2.84331331E-04    2.81915441E-04    2.39297188E+00   -7.83834965E-04
     123    7.00000010E-06    2.84331331E-04    2.81915441E-04    2.39297188E+00   -7.83834965E-04
     124    7.00000010E-06    2.84331331E-04    2.81915441E-04    2.39297188E+00   -7.83834965E-04
     125    7.00000010E-06    2.84331331E-04    2.81915441E-04    2.39297188E+00   -7.83834965E-04
     126    7.00000010E-06    2.84331331E-04    2.81915441E-04    2.39297188E+00   -7.83834965E-04
     127    7.00000010E-06    2.84331331E-04    2.81915441E-04    2.39297188E+00   -7.83834965E-04
     128    7.00000010E-06    2.84331331E-04    2.81915441E-04    2.39297188E+00   -7.83834965E-04
     129    7.00000010E-06    2.84331331E-04    2.81915441E-04    2.39297188E+00   -7.83834965E-04
     130    7.00000010E-06    2.84331331E-04    2.81915441E-04    2.39297188E+00   -7.83834965E-04
     131    7.00000010E-06    2.84331331E-04    2.81915441E-04    2.39297188E+00   -7.83834965E-04
     132    7.00000010E-06    2.84331331E-04    2.81915441E-04    2.39297188E+00   -7.83834965E-04
     133    7.00000010E-06    2.84331331E-04    2.81915441E-04    2.39297188E+00   -7.83834965E-04
     134    7.00000010E-06    2.84331331E-04    2.81915441E-04    2.39297188E+00   -7.83834965E-04
     135    7.00000010E-06    2.84331331E-04    2.81915441E-04    2.39297188E+00   -7.83834965E-04
     136    7.00000010E-06    2.84331331E-04    2.81915441E-04    2.39297188E+00   -7.83834965E-04
     137    7.00000010E-06    2.84331331E-04    2.81915441E-04    2.39297188E+00   -7.83834965E-04
     138    7.00000010E-06    2.84331331E-04    2.81915441E-04    2.39297188E+00   -7.83834965E-04
     139    7.00000010E-06    2.84331331E-04    2.81915441E-04    2.39297188E+00   -7.83834965E-04
     140    7.00000010E-06    2.84331331E-04    2.81915441E-04    2.39297188E+00   -7.83834965E-04
     141    7.00000010E-06    2.84331331E-04    2.81915441E-04    2.39297188E+00   -7.83834965E-04
     142    7.00000010E-06    2.84331331E-04    2.81915441E-04    2.39297188E+00   -7.83834965E-04
     143    7.00000010E-06    2.84331331E-04    2.81915441E-04    2.39297188E+00   -7.83834965E-04
     144    7.00000010E-06    2.84331331E-04    2.81915441E-04    2.39297188E+00   -7.83834965E-04
     145    7.00000010E-06    2.84331331E-04    2.81915441E-04    2.39297188E+00   -7.83834965E-04
     146    7.00000010E-06    2.84331331E-04    2.81915441E-04    2.39297188E+00   -7.83834965E-04
     147    7.00000010E-06    2.84331331E-04    2.81915441E-04    2.39297188E+00   -7.83834965E-04
     148    7.00000010E-06    2.84331331E-04    2.81915441E-04    2.39297188E+00   -7.83834965E-04
     149    7.00000010E-06    2.84331331E-04    2.81915441E-04    2.39297188E+00   -7.83834965E-04
     150    7.00000010E-06    2.84331331E-04    2.81915441E-04    2.39297188E+00   -7.83834965E-04
     151    7.00000010E-06    2.84331331E-04    2.81915441E-04    2.39297188E+00   -7.83834965E-04
     152    7.00000010E-06    2.84331331E-04    2.81915441E-04    2.39297188E+00   -7.83834965E-04
     153    7.00000010E-06    2.84331331E-04    2.81915441E-04    2.39297188E+00   -7.83834965E-04
     154    7.00000010E-06    2.84331331E-04    2.81915441E-04    2.39297188E+00   -7.83834965E-04
     155    7.00000010E-06    2.84331331E-04    2.81915441E-04    2.39297188E+00   -7.83834965E-04
     156    7.00000010E-06    2.84331331E-04    2.81915441E-04    2.39297188E+00   -7.83834965E-04
     157    7.00000010E-06    2.84331331E-04    2.81915441E-04    2.39297188E+00   -7.83834965E-04
     158    7.00000010E-06    2.84331331E-04    2.81915441E-04    2.39297188E+00   -7.83834965E-04
     159    7.00000010E-06    2.84331331E-04    2.81915441E-04    2.39297188E+00   -7.83834965E-04
     160    7.00000010E-06    2.84331331E-04    2.81915441E-04    2.39297188E+00   -7.83834965E-04
     161    7.00000010E-06    2.84331331E-04    2.81915441E-04    2.39297188E+00   -7.83834965E-04
     162    7.00000010E-06    2.84331331E-04    2.81915441E-04    2.39297188E+00   -7.83834965E-04
     163    7.00000010E-06    2.84331331E-04    2.81915441E-04    2.39297188E+00   -7.83834965E-04
     164    7.00000010E-06    2.84331331E-04    2.81915441E-04    2.39297188E+00   -7.83834965E-04
     165    7.99999998E-06    3.06860744E-04    3.03994014E-04    2.84583755E+00   -7.83851968E-04
     166    7.99999998E-06    3.06860744E-04    3.03994014E-04    2.84583755E+00   -7.83851968E-04
     167    7.99999998E-06    3.06860744E-04    3.03994014E-04    2.84583755E+00   -7.83851968E-04
     168    7.99999998E-06    3.06860744E-04    3.03994014E-04    2.84583755E+00   -7.83851968E-04
     169    7.99999998E-06    3.06860744E-04    3.03994014E-04    2.84583755E+00   -7.83851968E-04
     170    7.99999998E-06    3.06860744E-04    3.03994014E-04    2.84583755E+00   -7.83851968E-04
     171    7.99999998E-06    3.06860744E-04    3.03994014E-04    2.84583755E+00   -7.83851968E-04
     172    7.99999998E-06    3.06860744E-04    3.03994014E-04    2.84583755E+00   -7.83851968E-04
     173    7.99999998E-06    3.06860744E-04    3.03994014E-04    2.84583755E+00   -7.83851968E-04
     174    7.99999998E-06    3.06860744E-04    3.03994014E-04    2.84583755E+00   -7.83851968E-04
     175    7.99999998E-06    3.06860744E-04    3.03994014E-04    2.84583755E+00   -7.83851968E-04
     176    7.99999998E-06    3.06860744E-04    3.03994014E-04    2.84583755E+00   -7.83851968E-04
     177    7.99999998E-06    3.06860744E-04    3.03994014E-04    2.84583755E+00   -7.83851968E-04
     178    7.99999998E-06    3.06860744E-04    3.03994014E-04    2.84583755E+00   -7.83851968E-04
     179    7.99999998E-06    3.06860744E-04    3.03994014E-04    2.84583755E+00   -7.83851968E-04
     180    7.99999998E-06    3.06860744E-04    3.03994014E-04    2.84583755E+00   -7.83851968E-04
     181    7.99999998E-06    3.06860744E-04    3.03994014E-04    2.84583755E+00   -7.83851968E-04
     182    7.99999998E-06    3.06860744E-04    3.03994014E-04    2.84583755E+00   -7.83851968E-04
     183    7.99999998E-06    3.06860744E-04    3.03994014E-04    2.84583755E+00   -7.83851968E-04
     184    7.99999998E-06    3.06860744E-04    3.03994014E-04    2.84583755E+00   -7.83851968E-04
     185    7.99999998E-06    3.06860744E-04    3.03994014E-04    2.84583755E+00   -7.83851968E-04
     186    7.99999998E-06    3.06860744E-04    3.03994014E-04    2.84583755E+00   -7.83851968E-04
     187    7.99999998E-06    3.06860744E-04    3.03994014E-04    2.84583755E+00   -7.83851968E-04
     188    7.99999998E-06    3.06860744E-04    3.03994014E-04    2.84583755E+00   -7.83851968E-04
     189    7.99999998E-06    3.06860744E-04    3.03994014E-04    2.84583755E+00   -7.83851968E-04
     190    7.99999998E-06    3.06860744E-04    3.03994014E-04    2.84583755E+00   -7.83851968E-04
     191    7.99999998E-06    3.06860744E-04    3.03994014E-04    2.84583755E+00   -7.83851968E-04
     192    7.99999998E-06    3.06860744E-04    3.03994014E-04    2.84583755E+00   -7.83851968E-04
     193    7.99999998E-06    3.06860744E-04    3.03994014E-04    2.84583755E+00   -7.83851968E-04
     194    7.99999998E-06    3.06860744E-04    3.03994014E-04    2.84583755E+00   -7.83851968E-04
     195    7.99999998E-06    3.06860744E-04    3.03994014E-04    2.84583755E+00   -7.83851968E-04
     196    7.99999998E-06    3.06860744E-04    3.03994014E-04    2.84583755E+00   -7.83851968E-04
     197    7.99999998E-06    3.06860744E-04    3.03994014E-04    2.84583755E+00   -7.83851968E-04
     198    7.99999998E-06    3.06860744E-04    3.03994014E-04    2.84583755E+00   -7.83851968E-04
     199    7.99999998E-06    3.06860744E-04    3.03994014E-04    2.84583755E+00   -7.83851968E-04
     200    7.99999998E-06    3.06860744E-04    3.03994014E-04    2.84583755E+00   -7.83851968E-04
     201    7.99999998E-06    3.06860744E-04    3.03994014E-04    2.84583755E+00   -7.83851968E-04
     202    7.99999998E-06    3.06860744E-04    3.03994014E-04    2.84583755E+00   -7.83851968E-04
     203    7.99999998E-06    3.06860744E-04    3.03994014E-04    2.84583755E+00   -7.83851968E-04
     204    7.99999998E-06    3.06860744E-04    3.03994014E-04    2.84583755E+00   -7.83851968E-04
     205    7.99999998E-06    3.06860744E-04    3.03994014E-04    2.84583755E+00   -7.83851968E-04
     206    7.99999998E-06    3.06860744E-04    3.03994014E-04    2.84583755E+00   -7.83851968E-04
     207    7.99999998E-06    3.06860744E-04    3.03994014E-04    2.84583755E+00   -7.83851968E-04
     208    7.99999998E-06    3.06860744E-04    3.03994014E-04    2.84583755E+00   -7.83851968E-04
     209    7.99999998E-06    3.06860744E-04    3.03994014E-04    2.84583755E+00   -7.83851968E-04
     210    7.99999998E-06    3.06860744E-04    3.03994014E-04    2.84583755E+00   -7.83851968E-04
     211    7.99999998E-06    3.06860744E-04    3.03994014E-04    2.84583755E+00   -7.83851968E-04
     212    7.99999998E-06    3.06860744E-04    3.03994014E-04    2.84583755E+00   -7.83851968E-04
     213    9.00000032E-06    3.23758013E-04    3.20535145E-04    3.20422233E+00   -7.83861583E-04
     214    9.00000032E-06    3.23758013E-04    3.20535145E-04    3.20422233E+00   -7.83861583E-04
     215    9.00000032E-06    3.23758013E-04    3.20535145E-04    3.20422233E+00   -7.83861583E-04
     216    9.00000032E-06    3.23758013E-04    3.20535145E-04    3.20422233E+00   -7.83861583E-04
     217    9.00000032E-06    3.23758013E-04    3.20535145E-04    3.20422233E+00   -7.83861583E-04
     218    9.00000032E-06    3.23758013E-04    3.20535145E-04    3.20422233E+00   -7.83861583E-04
     219    9.00000032E-06    3.23758013E-04    3.20535145E-04    3.20422233E+00   -7.83861583E-04
     220    9.00000032E-06    3.23758013E-04    3.20535145E-04    3.20422233E+00   -7.83861583E-04
     221    9.00000032E-06    3.23758013E-04    3.20535145E-04    3.20422233E+00   -7.83861583E-04
     222    9.00000032E-06    3.23758013E-04    3.20535145E-04    3.20422233E+00   -7.83861583E-04
     223    9.00000032E-06    3.23758013E-04    3.20535145E-04    3.20422233E+00   -7.83861583E-04
     224    9.00000032E-06    3.23758013E-04    3.20535145E-04    3.20422233E+00   -7.83861583E-04
     225    9.00000032E-06    3.23758013E-04    3.20535145E-04    3.20422233E+00   -7.83861583E-04
     226    9.00000032E-06    3.23758013E-04    3.20535145E-04    3.20422233E+00   -7.83861583E-04
     227    9.00000032E-06    3.23758013E-04    3.20535145E-04    3.20422233E+00   -7.83861583E-04
     228    9.00000032E-06    3.23758013E-04    3.20535145E-04    3.20422233E+00   -7.83861583E-04
     229    9.00000032E-06    3.23758013E-04    3.20535145E-04    3.20422233E+00   -7.83861583E-04
     230    9.00000032E-06    3.23758013E-04    3.20535145E-04    3.20422233E+00   -7.83861583E-04
     231    9.00000032E-06    3.23758013E-04    3.20535145E-04    3.20422233E+00   -7.83861583E-04
     232    9.00000032E-06    3.23758013E-04    3.20535145E-04    3.20422233E+00   -7.83861583E-04
     233    9.00000032E-06    3.23758013E-04    3.20535145E-04    3.20422233E+00   -7.83861583E-04
     234    9.00000032E-06    3.23758013E-04    3.20535145E-04    3.20422233E+00   -7.83861583E-04
     235    9.00000032E-06    3.23758013E-04    3.20535145E-04    3.20422233E+00   -7.83861583E-04
     236    9.00000032E-06    3.23758013E-04    3.20535145E-04    3.20422233E+00   -7.83861583E-04
     237    9.00000032E-06    3.23758013E-04    3.20535145E-04    3.20422233E+00   -7.83861583E-04
     238    9.00000032E-06    3.23758013E-04    3.20535145E-04    3.20422233E+00   -7.83861583E-04
     239    9.00000032E-06    3.23758013E-04    3.20535145E-04    3.20422233E+00   -7.83861583E-04
     240    9.00000032E-06    3.23758013E-04    3.20535145E-04    3.20422233E+00   -7.83861583E-04
     241    9.00000032E-06    3.23758013E-04    3.20535145E-04    3.20422233E+00   -7.83861583E-04
     242    9.00000032E-06    3.23758013E-04    3.20535145E-04    3.20422233E+00   -7.83861583E-04
     243    9.00000032E-06    3.23758013E-04    3.20535145E-04    3.20422233E+00   -7.83861583E-04
     244    9.00000032E-06    3.23758013E-04    3.20535145E-04    3.20422233E+00   -7.83861583E-04
     245    9.00000032E-06    3.23758013E-04    3.20535145E-04    3.20422233E+00   -7.83861583E-04
     246    9.00000032E-06    3.23758013E-04    3.20535145E-04    3.20422233E+00   -7.83861583E-04
     247    9.00000032E-06    3.23758013E-04    3.20535145E-04    3.20422233E+00   -7.83861583E-04
     248    9.00000032E-06    3.23758013E-04    3.20535145E-04    3.20422233E+00   -7.83861583E-04
     249    9.00000032E-06    3.23758013E-04    3.20535145E-04    3.20422233E+00   -7.83861583E-04
     250    9.00000032E-06    3.23758013E-04    3.20535145E-04    3.20422233E+00   -7.83861583E-04
     251    9.00000032E-06    3.23758013E-04    3.20535145E-04    3.20422233E+00   -7.83861583E-04
     252    9.00000032E-06    3.23758013E-04    3.20535145E-04    3.20422233E+00   -7.83861583E-04
     253    9.00000032E-06    3.23758013E-04    3.20535145E-04    3.20422233E+00   -7.83861583E-04
     254    9.00000032E-06    3.23758013E-04    3.20535145E-04    3.20422233E+00   -7.83861583E-04
     255    9.00000032E-06    3.23758013E-04    3.20535145E-04    3.20422233E+00   -7.83861583E-04
     256    9.00000032E-06    3.23758013E-04    3.20535145E-04    3.20422233E+00   -7.83861583E-04
     257    9.00000032E-06    3.23758013E-04    3.20535145E-04    3.20422233E+00   -7.83861583E-04
     258    9.00000032E-06    3.23758013E-04    3.20535145E-04    3.20422233E+00   -7.83861583E-04
     259    9.00000032E-06    3.23758013E-04    3.20535145E-04    3.20422233E+00   -7.83861583E-04
     260    9.00000032E-06    3.23758013E-04    3.20535145E-04    3.20422233E+00   -7.83861583E-04
     261    9.99999975E-06    3.36635053E-04    3.33130973E-04    3.48756594E+00   -7.83867582E-04
     262    9.99999975E-06    3.36635053E-04    3.33130973E-04    3.48756594E+00   -7.83867582E-04
     263    9.99999975E-06    3.36635053E-04    3.33130973E-04    3.48756594E+00   -7.83867582E-04
     264    9.99999975E-06    3.36635053E-04    3.33130973E-04    3.48756594E+00   -7.83867582E-04
     265    9.99999975E-06    3.36635053E-04    3.33130973E-04    3.48756594E+00   -7.83867582E-04
     266    9.99999975E-06    3.36635053E-04    3.33130973E-04    3.48756594E+00   -7.83867582E-04
     267    9.99999975E-06    3.36635053E-04    3.33130973E-04    3.48756594E+00   -7.83867582E-04
     268    9.99999975E-06    3.36635053E-04    3.33130973E-04    3.48756594E+00   -7.83867582E-04
     269    9.99999975E-06    3.36635053E-04    3.33130973E-04    3.48756594E+00   -7.83867582E-04
     270    9.99999975E-06    3.36635053E-04    3.33130973E-04    3.48756594E+00   -7.83867582E-04
     271    9.99999975E-06    3.36635053E-04    3.33130973E-04    3.48756594E+00   -7.83867582E-04
     272    9.99999975E-06    3.36635053E-04    3.33130973E-04    3.48756594E+00   -7.83867582E-04
     273    9.99999975E-06    3.36635053E-04    3.33130973E-04    3.48756594E+00   -7.83867582E-04
     274    9.99999975E-06    3.36635053E-04    3.33130973E-04    3.48756594E+00   -7.83867582E-04
     275    9.99999975E-06    3.36635053E-04    3.33130973E-04    3.48756594E+00   -7.83867582E-04
     276    9.99999975E-06    3.36635053E-04    3.33130973E-04    3.48756594E+00   -7.83867582E-04
     277    9.99999975E-06    3.36635053E-04    3.33130973E-04    3.48756594E+00   -7.83867582E-04
     278    9.99999975E-06    3.36635053E-04    3.33130973E-04    3.48756594E+00   -7.83867582E-04
     279    9.99999975E-06    3.36635053E-04    3.33130973E-04    3.48756594E+00   -7.83867582E-04
     280    9.99999975E-06    3.36635053E-04    3.33130973E-04    3.48756594E+00   -7.83867582E-04
     281    9.99999975E-06    3.36635053E-04    3.33130973E-04    3.48756594E+00   -7.83867582E-04
     282    9.99999975E-06    3.36635053E-04    3.33130973E-04    3.48756594E+00   -7.83867582E-04
     283    9.99999975E-06    3.36635053E-04    3.33130973E-04    3.48756594E+00   -7.83867582E-04
     284    9.99999975E-06    3.36635053E-04    3.33130973E-04    3.48756594E+00   -7.83867582E-04
     285    9.99999975E-06    3.36635053E-04    3.33130973E-04    3.48756594E+00   -7.83867582E-04
     286    9.99999975E-06    3.36635053E-04    3.33130973E-04    3.48756594E+00   -7.83867582E-04
     287    9.99999975E-06    3.36635053E-04    3.33130973E-04    3.48756594E+00   -7.83867582E-04
     288    9.99999975E-06    3.36635053E-04    3.33130973E-04    3.48756594E+00   -7.83867582E-04
     289    9.99999975E-06    3.36635053E-04    3.33130973E-04    3.48756594E+00   -7.83867582E-04
     290    9.99999975E-06    3.36635053E-04    3.33130973E-04    3.48756594E+00   -7.83867582E-04
     291    9.99999975E-06    3.36635053E-04    3.33130973E-04    3.48756594E+00   -7.83867582E-04
     292    9.99999975E-06    3.36635053E-04    3.33130973E-04    3.48756594E+00   -7.83867582E-04
     293    9.99999975E-06    3.36635053E-04    3.33130973E-04    3.48756594E+00   -7.83867582E-04
     294    9.99999975E-06    3.36635053E-04    3.33130973E-04    3.48756594E+00   -7.83867582E-04
     295    9.99999975E-06    3.36635053E-04    3.33130973E-04    3.48756594E+00   -7.83867582E-04
     296    9.99999975E-06    3.36635053E-04    3.33130973E-04    3.48756594E+00   -7.83867582E-04
     297    9.99999975E-06    3.36635053E-04    3.33130973E-04    3.48756594E+00   -7.83867582E-04
     298    9.99999975E-06    3.36635053E-04    3.33130973E-04    3.48756594E+00   -7.83867582E-04
     299    9.99999975E-06    3.36635053E-04    3.33130973E-04    3.48756594E+00   -7.83867582E-04
     300    9.99999975E-06    3.36635053E-04    3.33130973E-04    3.48756594E+00   -7.83867582E-04
     301    9.99999975E-06    3.36635053E-04    3.33130973E-04    3.48756594E+00   -7.83867582E-04
     302    9.99999975E-06    3.36635053E-04    3.33130973E-04    3.48756594E+00   -7.83867582E-04
     303    9.99999975E-06    3.36635053E-04    3.33130973E-04    3.48756594E+00   -7.83867582E-04
     304    9.99999975E-06    3.36635053E-04    3.33130973E-04    3.48756594E+00   -7.83867582E-04
     305    9.99999975E-06    3.36635053E-04    3.33130973E-04    3.48756594E+00   -7.83867582E-04
     306    9.99999975E-06    3.36635053E-04    3.33130973E-04    3.48756594E+00   -7.83867582E-04
     307    9.99999975E-06    3.36635053E-04    3.33130973E-04    3.48756594E+00   -7.83867582E-04
     308    9.99999975E-06    3.36635053E-04    3.33130973E-04    3.48756594E+00   -7.83867582E-04
     309    1.10000001E-05    3.46614314E-04    3.42886701E-04    3.71300101E+00   -7.83871594E-04
     310    1.10000001E-05    3.46614314E-04    3.42886701E-04    3.71300101E+00   -7.83871594E-04
     311    1.10000001E-05    3.46614314E-04    3.42886701E-04    3.71300101E+00   -7.83871594E-04
     312    1.10000001E-05    3.46614314E-04    3.42886701E-04    3.71300101E+00   -7.83871594E-04
     313    1.10000001E-05    3.46614314E-04    3.42886701E-04    3.71300101E+00   -7.83871594E-04
     314    1.10000001E-05    3.46614314E-04    3.42886701E-04    3.71300101E+00   -7.83871594E-04
     315    1.10000001E-05    3.46614314E-04    3.42886701E-04    3.71300101E+00   -7.83871594E-04
     316    1.10000001E-05    3.46614314E-04    3.42886701E-04    3.71300101E+00   -7.83871594E-04
     317    1.10000001E-05    3.46614314E-04    3.42886701E-04    3.71300101E+00   -7.83871594E-04
     318    1.10000001E-05    3.46614314E-04    3.42886701E-04    3.71300101E+00   -7.83871594E-04
     319    1.10000001E-05    3.46614314E-04    3.42886701E-04    3.71300101E+00   -7.83871594E-04
     320    1.10000001E-05    3.46614314E-04    3.42886701E-04    3.71300101E+00   -7.83871594E-04
     321    1.10000001E-05    3.46614314E-04    3.42886701E-04    3.71300101E+00   -7.83871594E-04
     322    1.10000001E-05    3.46614314E-04    3.42886701E-04    3.71300101E+00   -7.83871594E-04
     323    1.10000001E-05    3.46614314E-04    3.42886701E-04    3.71300101E+00   -7.83871594E-04
     324    1.10000001E-05    3.46614314E-04    3.42886701E-04    3.71300101E+00   -7.83871594E-04
     325    1.10000001E-05    3.46614314E-04    3.42886701E-04    3.71300101E+00   -7.83871594E-04
     326    1.10000001E-05    3.46614314E-04    3.42886701E-04    3.71300101E+00   -7.83871594E-04
     327    1.10000001E-05    3.46614314E-04    3.42886701E-04    3.71300101E+00   -7.83871594E-04
     328    1.10000001E-05    3.46614314E-04    3.42886701E-04    3.71300101E+00   -7.83871594E-04
     329    1.10000001E-05    3.46614314E-04    3.42886701E-04    3.71300101E+00   -7.83871594E-04
     330    1.10000001E-05    3.46614314E-04    3.42886701E-04    3.71300101E+00   -7.83871594E-04
     331    1.10000001E-05    3.46614314E-04    3.42886701E-04    3.71300101E+00   -7.83871594E-04
     332    1.10000001E-05    3.46614314E-04    3.42886701E-04    3.71300101E+00   -7.83871594E-04
     333    1.10000001E-05    3.46614314E-04    3.42886701E-04    3.71300101E+00   -7.83871594E-04
     334    1.10000001E-05    3.46614314E-04    3.42886701E-04    3.71300101E+00   -7.83871594E-04
     335    1.10000001E-05    3.46614314E-04    3.42886701E-04    3.71300101E+00   -7.83871594E-04
     336    1.10000001E-05    3.46614314E-04    3.42886701E-04    3.71300101E+00   -7.83871594E-04
     337    1.10000001E-05    3.46614314E-04    3.42886701E-04    3.71300101E+00   -7.83871594E-04
     338    1.10000001E-05    3.46614314E-04    3.42886701E-04    3.71300101E+00   -7.83871594E-04
     339    1.10000001E-05    3.46614314E-04    3.42886701E-04    3.71300101E+00   -7.83871594E-04
     340    1.10000001E-05    3.46614314E-04    3.42886701E-04    3.71300101E+00   -7.83871594E-04
     341    1.10000001E-05    3.46614314E-04    3.42886701E-04    3.71300101E+00   -7.83871594E-04
     342    1.10000001E-05    3.46614314E-04    3.42886701E-04    3.71300101E+00   -7.83871594E-04
     343    1.10000001E-05    3.46614314E-04    3.42886701E-04    3.71300101E+00   -7.83871594E-04
     344    1.10000001E-05    3.46614314E-04    3.42886701E-04    3.71300101E+00   -7.83871594E-04
     345    1.10000001E-05    3.46614314E-04    3.42886701E-04    3.71300101E+00   -7.83871594E-04
     346    1.10000001E-05    3.46614314E-04    3.42886701E-04    3.71300101E+00   -7.83871594E-04
     347    1.10000001E-05    3.46614314E-04    3.42886701E-04    3.71300101E+00   -7.83871594E-04
     348    1.10000001E-05    3.46614314E-04    3.42886701E-04    3.71300101E+00   -7.83871594E-04
     349    1.10000001E-05    3.46614314E-04    3.42886701E-04    3.71300101E+00   -7.83871594E-04
     350    1.10000001E-05    3.46614314E-04    3.42886701E-04    3.71300101E+00   -7.83871594E-04
     351    1.10000001E-05    3.46614314E-04    3.42886701E-04    3.71300101E+00   -7.83871594E-04
     352    1.10000001E-05    3.46614314E-04    3.42886701E-04    3.71300101E+00   -7.83871594E-04
     353    1.10000001E-05    3.46614314E-04    3.42886701E-04    3.71300101E+00   -7.83871594E-04
     354    1.10000001E-05    3.46614314E-04    3.42886701E-04    3.71300101E+00   -7.83871594E-04
     355    1.10000001E-05    3.46614314E-04    3.42886701E-04    3.71300101E+00   -7.83871594E-04
     356    1.20000004E-05    3.54473680E-04    3.50566676E-04    3.89404219E+00   -7.83874422E-04
     357    1.20000004E-05    3.54473680E-04    3.50566676E-04    3.89404219E+00   -7.83874422E-04
     358    1.20000004E-05    3.54473680E-04    3.50566676E-04    3.89404219E+00   -7.83874422E-04
     359    1.20000004E-05    3.54473680E-04    3.50566676E-04    3.89404219E+00   -7.83874422E-04
     360    1.20000004E-05    3.54473680E-04    3.50566676E-04    3.89404219E+00   -7.83874422E-04
     361    1.20000004E-05    3.54473680E-04    3.50566676E-04    3.89404219E+00   -7.83874422E-04
     362    1.20000004E-05    3.54473680E-04    3.50566676E-04    3.89404219E+00   -7.83874422E-04
     363    1.20000004E-05    3.54473680E-04    3.50566676E-04    3.89404219E+00   -7.83874422E-04
     364    1.20000004E-05    3.54473680E-04    3.50566676E-04    3.89404219E+00   -7.83874422E-04
     365    1.20000004E-05    3.54473680E-04    3.50566676E-04    3.89404219E+00   -7.83874422E-04
     366    1.20000004E-05    3.54473680E-04    3.50566676E-04    3.89404219E+00   -7.83874422E-04
     367    1.20000004E-05    3.54473680E-04    3.50566676E-04    3.89404219E+00   -7.83874422E-04
     368    1.20000004E-05    3.54473680E-04    3.50566676E-04    3.89404219E+00   -7.83874422E-04
     369    1.20000004E-05    3.54473680E-04    3.50566676E-04    3.89404219E+00   -7.83874422E-04
     370    1.20000004E-05    3.54473680E-04    3.50566676E-04    3.89404219E+00   -7.83874422E-04
     371    1.20000004E-05    3.54473680E-04    3.50566676E-04    3.89404219E+00   -7.83874422E-04
     372    1.20000004E-05    3.54473680E-04    3.50566676E-04    3.89404219E+00   -7.83874422E-04
     373    1.20000004E-05    3.54473680E-04    3.50566676E-04    3.89404219E+00   -7.83874422E-04
     374    1.20000004E-05    3.54473680E-04    3.50566676E-04    3.89404219E+00   -7.83874422E-04
     375    1.20000004E-05    3.54473680E-04    3.50566676E-04    3.89404219E+00   -7.83874422E-04
     376    1.20000004E-05    3.54473680E-04    3.50566676E-04    3.89404219E+00   -7.83874422E-04
     377    1.20000004E-05    3.54473680E-04    3.50566676E-04    3.89404219E+00   -7.83874422E-04
     378    1.20000004E-05    3.54473680E-04    3.50566676E-04    3.89404219E+00   -7.83874422E-04
     379    1.20000004E-05    3.54473680E-04    3.50566676E-04    3.89404219E+00   -7.83874422E-04
     380    1.20000004E-05    3.54473680E-04    3.50566676E-04    3.89404219E+00   -7.83874422E-04
     381    1.20000004E-05    3.54473680E-04    3.50566676E-04    3.89404219E+00   -7.83874422E-04
     382    1.20000004E-05    3.54473680E-04    3.50566676E-04    3.89404219E+00   -7.83874422E-04
     383    1.20000004E-05    3.54473680E-04    3.50566676E-04    3.89404219E+00   -7.83874422E-04
     384    1.20000004E-05    3.54473680E-04    3.50566676E-04    3.89404219E+00   -7.83874422E-04
     385    1.20000004E-05    3.54473680E-04    3.50566676E-04    3.89404219E+00   -7.83874422E-04
     386    1.20000004E-05    3.54473680E-04    3.50566676E-04    3.89404219E+00   -7.83874422E-04
     387    1.20000004E-05    3.54473680E-04    3.50566676E-04    3.89404219E+00   -7.83874422E-04
     388    1.20000004E-05    3.54473680E-04    3.50566676E-04    3.89404219E+00   -7.83874422E-04
     389    1.20000004E-05    3.54473680E-04    3.50566676E-04    3.89404219E+00   -7.83874422E-04
     390    1.20000004E-05    3.54473680E-04    3.50566676E-04    3.89404219E+00   -7.83874422E-04
     391    1.20000004E-05    3.54473680E-04    3.50566676E-04    3.89404219E+00   -7.83874422E-04
     392    1.20000004E-05    3.54473680E-04    3.50566676E-04    3.89404219E+00   -7.83874422E-04
     393    1.20000004E-05    3.54473680E-04    3.50566676E-04    3.89404219E+00   -7.83874422E-04
     394    1.20000004E-05    3.54473680E-04    3.50566676E-04    3.89404219E+00   -7.83874422E-04
     395    1.20000004E-05    3.54473680E-04    3.50566676E-04    3.89404219E+00   -7.83874422E-04
     396    1.20000004E-05    3.54473680E-04    3.50566676E-04    3.89404219E+00   -7.83874422E-04
     397    1.20000004E-05    3.54473680E-04    3.50566676E-04    3.89404219E+00   -7.83874422E-04
     398    1.20000004E-05    3.54473680E-04    3.50566676E-04    3.89404219E+00   -7.83874422E-04
     399    1.20000004E-05    3.54473680E-04    3.50566676E-04    3.89404219E+00   -7.83874422E-04
     400    1.20000004E-05    3.54473680E-04    3.50566676E-04    3.89404219E+00   -7.83874422E-04
     401    1.29999999E-05    3.60756833E-04    3.56704346E-04    4.04094180E+00   -7.83876496E-04
     402    1.29999999E-05    3.60756833E-04    3.56704346E-04    4.04094180E+00   -7.83876496E-04
     403    1.29999999E-05    3.60756833E-04    3.56704346E-04    4.04094180E+00   -7.83876496E-04
     404    1.29999999E-05    3.60756833E-04    3.56704346E-04    4.04094180E+00   -7.83876496E-04
     405    1.29999999E-05    3.60756833E-04    3.56704346E-04    4.04094180E+00   -7.83876496E-04
     406    1.29999999E-05    3.60756833E-04    3.56704346E-04    4.04094180E+00   -7.83876496E-04
     407    1.29999999E-05    3.60756833E-04    3.56704346E-04    4.04094180E+00   -7.83876496E-04
     408    1.29999999E-05    3.60756833E-04    3.56704346E-04    4.04094180E+00   -7.83876496E-04
     409    1.29999999E-05    3.60756833E-04    3.56704346E-04    4.04094180E+00   -7.83876496E-04
     410    1.29999999E-05    3.60756833E-04    3.56704346E-04    4.04094180E+00   -7.83876496E-04
     411    1.29999999E-05    3.60756833E-04    3.56704346E-04    4.04094180E+00   -7.83876496E-04
     412    1.29999999E-05    3.60756833E-04    3.56704346E-04    4.04094180E+00   -7.83876496E-04
     413    1.29999999E-05    3.60756833E-04    3.56704346E-04    4.04094180E+00   -7.83876496E-04
     414    1.29999999E-05    3.60756833E-04    3.56704346E-04    4.04094180E+00   -7.83876496E-04
     415    1.29999999E-05    3.60756833E-04    3.56704346E-04    4.04094180E+00   -7.83876496E-04
     416    1.29999999E-05    3.60756833E-04    3.56704346E-04    4.04094180E+00   -7.83876496E-04
     417    1.29999999E-05    3.60756833E-04    3.56704346E-04    4.04094180E+00   -7.83876496E-04
     418    1.29999999E-05    3.60756833E-04    3.56704346E-04    4.04094180E+00   -7.83876496E-04
     419    1.29999999E-05    3.60756833E-04    3.56704346E-04    4.04094180E+00   -7.83876496E-04
     420    1.29999999E-05    3.60756833E-04    3.56704346E-04    4.04094180E+00   -7.83876496E-04
     421    1.29999999E-05    3.60756833E-04    3.56704346E-04    4.04094180E+00   -7.83876496E-04
     422    1.29999999E-05    3.60756833E-04    3.56704346E-04    4.04094180E+00   -7.83876496E-04
     423    1.29999999E-05    3.60756833E-04    3.56704346E-04    4.04094180E+00   -7.83876496E-04
     424    1.29999999E-05    3.60756833E-04    3.56704346E-04    4.04094180E+00   -7.83876496E-04
     425    1.29999999E-05    3.60756833E-04    3.56704346E-04    4.04094180E+00   -7.83876496E-04
     426    1.29999999E-05    3.60756833E-04    3.56704346E-04    4.04094180E+00   -7.83876496E-04
     427    1.29999999E-05    3.60756833E-04    3.56704346E-04    4.04094180E+00   -7.83876496E-04
     428    1.29999999E-05    3.60756833E-04    3.56704346E-04    4.04094180E+00   -7.83876496E-04
     429    1.29999999E-05    3.60756833E-04    3.56704346E-04    4.04094180E+00   -7.83876496E-04
     430    1.29999999E-05    3.60756833E-04    3.56704346E-04    4.04094180E+00   -7.83876496E-04
     431    1.29999999E-05    3.60756833E-04    3.56704346E-04    4.04094180E+00   -7.83876496E-04
     432    1.29999999E-05    3.60756833E-04    3.56704346E-04    4.04094180E+00   -7.83876496E-04
     433    1.29999999E-05    3.60756833E-04    3.56704346E-04    4.04094180E+00   -7.83876496E-04
     434    1.29999999E-05    3.60756833E-04    3.56704346E-04    4.04094180E+00   -7.83876496E-04
     435    1.29999999E-05    3.60756833E-04    3.56704346E-04    4.04094180E+00   -7.83876496E-04
     436    1.29999999E-05    3.60756833E-04    3.56704346E-04    4.04094180E+00   -7.83876496E-04
     437    1.29999999E-05    3.60756833E-04    3.56704346E-04    4.04094180E+00   -7.83876496E-04
     438    1.29999999E-05    3.60756833E-04    3.56704346E-04    4.04094180E+00   -7.83876496E-04
     439    1.29999999E-05    3.60756833E-04    3.56704346E-04    4.04094180E+00   -7.83876496E-04
     440    1.29999999E-05    3.60756833E-04    3.56704346E-04    4.04094180E+00   -7.83876496E-04
     441    1.29999999E-05    3.60756833E-04    3.56704346E-04    4.04094180E+00   -7.83876496E-04
     442    1.29999999E-05    3.60756833E-04    3.56704346E-04    4.04094180E+00   -7.83876496E-04
     443    1.29999999E-05    3.60756833E-04    3.56704346E-04    4.04094180E+00   -7.83876496E-04
     444    1.40000002E-05    3.65849013E-04    3.61677293E-04    4.16138448E+00   -7.83878066E-04
     445    1.40000002E-05    3.65849013E-04    3.61677293E-04    4.16138448E+00   -7.83878066E-04
     446    1.40000002E-05    3.65849013E-04    3.61677293E-04    4.16138448E+00   -7.83878066E-04
     447    1.40000002E-05    3.65849013E-04    3.61677293E-04    4.16138448E+00   -7.83878066E-04
     448    1.40000002E-05    3.65849013E-04    3.61677293E-04    4.16138448E+00   -7.83878066E-04
     449    1.40000002E-05    3.65849013E-04    3.61677293E-04    4.16138448E+00   -7.83878066E-04
     450    1.40000002E-05    3.65849013E-04    3.61677293E-04    4.16138448E+00   -7.83878066E-04
     451    1.40000002E-05    3.65849013E-04    3.61677293E-04    4.16138448E+00   -7.83878066E-04
     452    1.40000002E-05    3.65849013E-04    3.61677293E-04    4.16138448E+00   -7.83878066E-04
     453    1.40000002E-05    3.65849013E-04    3.61677293E-04    4.16138448E+00   -7.83878066E-04
     454    1.40000002E-05    3.65849013E-04    3.61677293E-04    4.16138448E+00   -7.83878066E-04
     455    1.40000002E-05    3.65849013E-04    3.61677293E-04    4.16138448E+00   -7.83878066E-04
     456    1.40000002E-05    3.65849013E-04    3.61677293E-04    4.16138448E+00   -7.83878066E-04
     457    1.40000002E-05    3.65849013E-04    3.61677293E-04    4.16138448E+00   -7.83878066E-04
     458    1.40000002E-05    3.65849013E-04    3.61677293E-04    4.16138448E+00   -7.83878066E-04
     459    1.40000002E-05    3.65849013E-04    3.61677293E-04    4.16138448E+00   -7.83878066E-04
     460    1.40000002E-05    3.65849013E-04    3.61677293E-04    4.16138448E+00   -7.83878066E-04
     461    1.40000002E-05    3.65849013E-04    3.61677293E-04    4.16138448E+00   -7.83878066E-04
     462    1.40000002E-05    3.65849013E-04    3.61677293E-04    4.16138448E+00   -7.83878066E-04
     463    1.40000002E-05    3.65849013E-04    3.61677293E-04    4.16138448E+00   -7.83878066E-04
     464    1.40000002E-05    3.65849013E-04    3.61677293E-04    4.16138448E+00   -7.83878066E-04
     465    1.40000002E-05    3.65849013E-04    3.61677293E-04    4.16138448E+00   -7.83878066E-04
     466    1.40000002E-05    3.65849013E-04    3.61677293E-04    4.16138448E+00   -7.83878066E-04
     467    1.40000002E-05    3.65849013E-04    3.61677293E-04    4.16138448E+00   -7.83878066E-04
     468    1.40000002E-05    3.65849013E-04    3.61677293E-04    4.16138448E+00   -7.83878066E-04
     469    1.40000002E-05    3.65849013E-04    3.61677293E-04    4.16138448E+00   -7.83878066E-04
     470    1.40000002E-05    3.65849013E-04    3.61677293E-04    4.16138448E+00   -7.83878066E-04
     471    1.40000002E-05    3.65849013E-04    3.61677293E-04    4.16138448E+00   -7.83878066E-04
     472    1.40000002E-05    3.65849013E-04    3.61677293E-04    4.16138448E+00   -7.83878066E-04
     473    1.40000002E-05    3.65849013E-04    3.61677293E-04    4.16138448E+00   -7.83878066E-04
     474    1.40000002E-05    3.65849013E-04    3.61677293E-04    4.16138448E+00   -7.83878066E-04
     475    1.40000002E-05    3.65849013E-04    3.61677293E-04    4.16138448E+00   -7.83878066E-04
     476    1.40000002E-05    3.65849013E-04    3.61677293E-04    4.16138448E+00   -7.83878066E-04
     477    1.40000002E-05    3.65849013E-04    3.61677293E-04    4.16138448E+00   -7.83878066E-04
     478    1.40000002E-05    3.65849013E-04    3.61677293E-04    4.16138448E+00   -7.83878066E-04
     479    1.40000002E-05    3.65849013E-04    3.61677293E-04    4.16138448E+00   -7.83878066E-04
     480    1.40000002E-05    3.65849013E-04    3.61677293E-04    4.16138448E+00   -7.83878066E-04
     481    1.40000002E-05    3.65849013E-04    3.61677293E-04    4.16138448E+00   -7.83878066E-04
     482    1.40000002E-05    3.65849013E-04    3.61677293E-04    4.16138448E+00   -7.83878066E-04
     483    1.40000002E-05    3.65849013E-04    3.61677293E-04    4.16138448E+00   -7.83878066E-04
     484    1.49999996E-05    3.70027407E-04    3.65756979E-04    4.26112923E+00   -7.83879287E-04
     485    1.49999996E-05    3.70027407E-04    3.65756979E-04    4.26112923E+00   -7.83879287E-04
     486    1.49999996E-05    3.70027407E-04    3.65756979E-04    4.26112923E+00   -7.83879287E-04
     487    1.49999996E-05    3.70027407E-04    3.65756979E-04    4.26112923E+00   -7.83879287E-04
     488    1.49999996E-05    3.70027407E-04    3.65756979E-04    4.26112923E+00   -7.83879287E-04
     489    1.49999996E-05    3.70027407E-04    3.65756979E-04    4.26112923E+00   -7.83879287E-04
     490    1.49999996E-05    3.70027407E-04    3.65756979E-04    4.26112923E+00   -7.83879287E-04
     491    1.49999996E-05    3.70027407E-04    3.65756979E-04    4.26112923E+00   -7.83879287E-04
     492    1.49999996E-05    3.70027407E-04    3.65756979E-04    4.26112923E+00   -7.83879287E-04
     493    1.49999996E-05    3.70027407E-04    3.65756979E-04    4.26112923E+00   -7.83879287E-04
     494    1.49999996E-05    3.70027407E-04    3.65756979E-04    4.26112923E+00   -7.83879287E-04
     495    1.49999996E-05    3.70027407E-04    3.65756979E-04    4.26112923E+00   -7.83879287E-04
     496    1.49999996E-05    3.70027407E-04    3.65756979E-04    4.26112923E+00   -7.83879287E-04
     497    1.49999996E-05    3.70027407E-04    3.65756979E-04    4.26112923E+00   -7.83879287E-04
     498    1.49999996E-05    3.70027407E-04    3.65756979E-04    4.26112923E+00   -7.83879287E-04
     499    1.49999996E-05    3.70027407E-04    3.65756979E-04    4.26112923E+00   -7.83879287E-04
     500    1.49999996E-05    3.70027407E-04    3.65756979E-04    4.26112923E+00   -7.83879287E-04
     501    1.49999996E-05    3.70027407E-04    3.65756979E-04    4.26112923E+00   -7.83879287E-04
     502    1.49999996E-05    3.70027407E-04    3.65756979E-04    4.26112923E+00   -7.83879287E-04
     503    1.49999996E-05    3.70027407E-04    3.65756979E-04    4.26112923E+00   -7.83879287E-04
     504    1.49999996E-05    3.70027407E-04    3.65756979E-04    4.26112923E+00   -7.83879287E-04
     505    1.49999996E-05    3.70027407E-04    3.65756979E-04    4.26112923E+00   -7.83879287E-04
     506    1.49999996E-05    3.70027407E-04    3.65756979E-04    4.26112923E+00   -7.83879287E-04
     507    1.49999996E-05    3.70027407E-04    3.65756979E-04    4.26112923E+00   -7.83879287E-04
     508    1.49999996E-05    3.70027407E-04    3.65756979E-04    4.26112923E+00   -7.83879287E-04
     509    1.49999996E-05    3.70027407E-04    3.65756979E-04    4.26112923E+00   -7.83879287E-04
     510    1.49999996E-05    3.70027407E-04    3.65756979E-04    4.26112923E+00   -7.83879287E-04
     511    1.49999996E-05    3.70027407E-04    3.65756979E-04    4.26112923E+00   -7.83879287E-04
     512    1.49999996E-05    3.70027407E-04    3.65756979E-04    4.26112923E+00   -7.83879287E-04
     513    1.49999996E-05    3.70027407E-04    3.65756979E-04    4.26112923E+00   -7.83879287E-04
     514    1.49999996E-05    3.70027407E-04    3.65756979E-04    4.26112923E+00   -7.83879287E-04
     515    1.49999996E-05    3.70027407E-04    3.65756979E-04    4.26112923E+00   -7.83879287E-04
     516    1.49999996E-05    3.70027407E-04    3.65756979E-04    4.26112923E+00   -7.83879287E-04
     517    1.49999996E-05    3.70027407E-04    3.65756979E-04    4.26112923E+00   -7.83879287E-04
     518    1.49999996E-05    3.70027407E-04    3.65756979E-04    4.26112923E+00   -7.83879287E-04
     519    1.49999996E-05    3.70027407E-04    3.65756979E-04    4.26112923E+00   -7.83879287E-04
     520    1.49999996E-05    3.70027407E-04    3.65756979E-04    4.26112923E+00   -7.83879287E-04
     521    1.49999996E-05    3.70027407E-04    3.65756979E-04    4.26112923E+00   -7.83879287E-04
     522    1.60000000E-05    3.73494643E-04    3.69141714E-04    4.34451689E+00   -7.83880255E-04
     523    1.60000000E-05    3.73494643E-04    3.69141714E-04    4.34451689E+00   -7.83880255E-04
     524    1.60000000E-05    3.73494643E-04    3.69141714E-04    4.34451689E+00   -7.83880255E-04
     525    1.60000000E-05    3.73494643E-04    3.69141714E-04    4.34451689E+00   -7.83880255E-04
     526    1.60000000E-05    3.73494643E-04    3.69141714E-04    4.34451689E+00   -7.83880255E-04
     527    1.60000000E-05    3.73494643E-04    3.69141714E-04    4.34451689E+00   -7.83880255E-04
     528    1.60000000E-05    3.73494643E-04    3.69141714E-04    4.34451689E+00   -7.83880255E-04
     529    1.60000000E-05    3.73494643E-04    3.69141714E-04    4.34451689E+00   -7.83880255E-04
     530    1.60000000E-05    3.73494643E-04    3.69141714E-04    4.34451689E+00   -7.83880255E-04
     531    1.60000000E-05    3.73494643E-04    3.69141714E-04    4.34451689E+00   -7.83880255E-04
     532    1.60000000E-05    3.73494643E-04    3.69141714E-04    4.34451689E+00   -7.83880255E-04
     533    1.60000000E-05    3.73494643E-04    3.69141714E-04    4.34451689E+00   -7.83880255E-04
     534    1.60000000E-05    3.73494643E-04    3.69141714E-04    4.34451689E+00   -7.83880255E-04
     535    1.60000000E-05    3.73494643E-04    3.69141714E-04    4.34451689E+00   -7.83880255E-04
     536    1.60000000E-05    3.73494643E-04    3.69141714E-04    4.34451689E+00   -7.83880255E-04
     537    1.60000000E-05    3.73494643E-04    3.69141714E-04    4.34451689E+00   -7.83880255E-04
     538    1.60000000E-05    3.73494643E-04    3.69141714E-04    4.34451689E+00   -7.83880255E-04
     539    1.60000000E-05    3.73494643E-04    3.69141714E-04    4.34451689E+00   -7.83880255E-04
     540    1.60000000E-05    3.73494643E-04    3.69141714E-04    4.34451689E+00   -7.83880255E-04
     541    1.60000000E-05    3.73494643E-04    3.69141714E-04    4.34451689E+00   -7.83880255E-04
     542    1.60000000E-05    3.73494643E-04    3.69141714E-04    4.34451689E+00   -7.83880255E-04
     543    1.60000000E-05    3.73494643E-04    3.69141714E-04    4.34451689E+00   -7.83880255E-04
     544    1.60000000E-05    3.73494643E-04    3.69141714E-04    4.34451689E+00   -7.83880255E-04
     545    1.60000000E-05    3.73494643E-04    3.69141714E-04    4.34451689E+00   -7.83880255E-04
     546    1.60000000E-05    3.73494643E-04    3.69141714E-04    4.34451689E+00   -7.83880255E-04
     547    1.60000000E-05    3.73494643E-04    3.69141714E-04    4.34451689E+00   -7.83880255E-04
     548    1.60000000E-05    3.73494643E-04    3.69141714E-04    4.34451689E+00   -7.83880255E-04
     549    1.60000000E-05    3.73494643E-04    3.69141714E-04    4.34451689E+00   -7.83880255E-04
     550    1.60000000E-05    3.73494643E-04    3.69141714E-04    4.34451689E+00   -7.83880255E-04
     551    1.60000000E-05    3.73494643E-04    3.69141714E-04    4.34451689E+00   -7.83880255E-04
     552    1.60000000E-05    3.73494643E-04    3.69141714E-04    4.34451689E+00   -7.83880255E-04
     553    1.60000000E-05    3.73494643E-04    3.69141714E-04    4.34451689E+00   -7.83880255E-04
     554    1.60000000E-05    3.73494643E-04    3.69141714E-04    4.34451689E+00   -7.83880255E-04
     555    1.60000000E-05    3.73494643E-04    3.69141714E-04    4.34451689E+00   -7.83880255E-04
     556    1.60000000E-05    3.73494643E-04    3.69141714E-04    4.34451689E+00   -7.83880255E-04
     557    1.70000003E-05    3.76401081E-04    3.71978586E-04    4.41484611E+00   -7.83881037E-04
     558    1.70000003E-05    3.76401081E-04    3.71978586E-04    4.41484611E+00   -7.83881037E-04
     559    1.70000003E-05    3.76401081E-04    3.71978586E-04    4.41484611E+00   -7.83881037E-04
     560    1.70000003E-05    3.76401081E-04    3.71978586E-04    4.41484611E+00   -7.83881037E-04
     561    1.70000003E-05    3.76401081E-04    3.71978586E-04    4.41484611E+00   -7.83881037E-04
     562    1.70000003E-05    3.76401081E-04    3.71978586E-04    4.41484611E+00   -7.83881037E-04
     563    1.70000003E-05    3.76401081E-04    3.71978586E-04    4.41484611E+00   -7.83881037E-04
     564    1.70000003E-05    3.76401081E-04    3.71978586E-04    4.41484611E+00   -7.83881037E-04
     565    1.70000003E-05    3.76401081E-04    3.71978586E-04    4.41484611E+00   -7.83881037E-04
     566    1.70000003E-05    3.76401081E-04    3.71978586E-04    4.41484611E+00   -7.83881037E-04
     567    1.70000003E-05    3.76401081E-04    3.71978586E-04    4.41484611E+00   -7.83881037E-04
     568    1.70000003E-05    3.76401081E-04    3.71978586E-04    4.41484611E+00   -7.83881037E-04
     569    1.70000003E-05    3.76401081E-04    3.71978586E-04    4.41484611E+00   -7.83881037E-04
     570    1.70000003E-05    3.76401081E-04    3.71978586E-04    4.41484611E+00   -7.83881037E-04
     571    1.70000003E-05    3.76401081E-04    3.71978586E-04    4.41484611E+00   -7.83881037E-04
     572    1.70000003E-05    3.76401081E-04    3.71978586E-04    4.41484611E+00   -7.83881037E-04
     573    1.70000003E-05    3.76401081E-04    3.71978586E-04    4.41484611E+00   -7.83881037E-04
     574    1.70000003E-05    3.76401081E-04    3.71978586E-04    4.41484611E+00   -7.83881037E-04
     575    1.70000003E-05    3.76401081E-04    3.71978586E-04    4.41484611E+00   -7.83881037E-04
     576    1.70000003E-05    3.76401081E-04    3.71978586E-04    4.41484611E+00   -7.83881037E-04
     577    1.70000003E-05    3.76401081E-04    3.71978586E-04    4.41484611E+00   -7.83881037E-04
     578    1.70000003E-05    3.76401081E-04    3.71978586E-04    4.41484611E+00   -7.83881037E-04
     579    1.70000003E-05    3.76401081E-04    3.71978586E-04    4.41484611E+00   -7.83881037E-04
     580    1.70000003E-05    3.76401081E-04    3.71978586E-04    4.41484611E+00   -7.83881037E-04
     581    1.70000003E-05    3.76401081E-04    3.71978586E-04    4.41484611E+00   -7.83881037E-04
     582    1.70000003E-05    3.76401081E-04    3.71978586E-04    4.41484611E+00   -7.83881037E-04
     583    1.70000003E-05    3.76401081E-04    3.71978586E-04    4.41484611E+00   -7.83881037E-04
     584    1.70000003E-05    3.76401081E-04    3.71978586E-04    4.41484611E+00   -7.83881037E-04
     585    1.70000003E-05    3.76401081E-04    3.71978586E-04    4.41484611E+00   -7.83881037E-04
     586    1.70000003E-05    3.76401081E-04    3.71978586E-04    4.41484611E+00   -7.83881037E-04
     587    1.70000003E-05    3.76401081E-04    3.71978586E-04    4.41484611E+00   -7.83881037E-04
     588    1.70000003E-05    3.76401081E-04    3.71978586E-04    4.41484611E+00   -7.83881037E-04
     589    1.70000003E-05    3.76401081E-04    3.71978586E-04    4.41484611E+00   -7.83881037E-04
     590    1.80000006E-05    3.78859923E-04    3.74378288E-04    4.47464760E+00   -7.83881679E-04
     591    1.80000006E-05    3.78859923E-04    3.74378288E-04    4.47464760E+00   -7.83881679E-04
     592    1.80000006E-05    3.78859923E-04    3.74378288E-04    4.47464760E+00   -7.83881679E-04
     593    1.80000006E-05    3.78859923E-04    3.74378288E-04    4.47464760E+00   -7.83881679E-04
     594    1.80000006E-05    3.78859923E-04    3.74378288E-04    4.47464760E+00   -7.83881679E-04
     595    1.80000006E-05    3.78859923E-04    3.74378288E-04    4.47464760E+00   -7.83881679E-04
     596    1.80000006E-05    3.78859923E-04    3.74378288E-04    4.47464760E+00   -7.83881679E-04
     597    1.80000006E-05    3.78859923E-04    3.74378288E-04    4.47464760E+00   -7.83881679E-04
     598    1.80000006E-05    3.78859923E-04    3.74378288E-04    4.47464760E+00   -7.83881679E-04
     599    1.80000006E-05    3.78859923E-04    3.74378288E-04    4.47464760E+00   -7.83881679E-04
     600    1.80000006E-05    3.78859923E-04    3.74378288E-04    4.47464760E+00   -7.83881679E-04
     601    1.80000006E-05    3.78859923E-04    3.74378288E-04    4.47464760E+00   -7.83881679E-04
     602    1.80000006E-05    3.78859923E-04    3.74378288E-04    4.47464760E+00   -7.83881679E-04
     603    1.80000006E-05    3.78859923E-04    3.74378288E-04    4.47464760E+00   -7.83881679E-04
     604    1.80000006E-05    3.78859923E-04    3.74378288E-04    4.47464760E+00   -7.83881679E-04
     605    1.80000006E-05    3.78859923E-04    3.74378288E-04    4.47464760E+00   -7.83881679E-04
     606    1.80000006E-05    3.78859923E-04    3.74378288E-04    4.47464760E+00   -7.83881679E-04
     607    1.80000006E-05    3.78859923E-04    3.74378288E-04    4.47464760E+00   -7.83881679E-04
     608    1.80000006E-05    3.78859923E-04    3.74378288E-04    4.47464760E+00   -7.83881679E-04
     609    1.80000006E-05    3.78859923E-04    3.74378288E-04    4.47464760E+00   -7.83881679E-04
     610    1.80000006E-05    3.78859923E-04    3.74378288E-04    4.47464760E+00   -7.83881679E-04
     611    1.80000006E-05    3.78859923E-04    3.74378288E-04    4.47464760E+00   -7.83881679E-04
     612    1.80000006E-05    3.78859923E-04    3.74378288E-04    4.47464760E+00   -7.83881679E-04
     613    1.80000006E-05    3.78859923E-04    3.74378288E-04    4.47464760E+00   -7.83881679E-04
     614    1.80000006E-05    3.78859923E-04    3.74378288E-04    4.47464760E+00   -7.83881679E-04
     615    1.80000006E-05    3.78859923E-04    3.74378288E-04    4.47464760E+00   -7.83881679E-04
     616    1.80000006E-05    3.78859923E-04    3.74378288E-04    4.47464760E+00   -7.83881679E-04
     617    1.80000006E-05    3.78859923E-04    3.74378288E-04    4.47464760E+00   -7.83881679E-04
     618    1.80000006E-05    3.78859923E-04    3.74378288E-04    4.47464760E+00   -7.83881679E-04
     619    1.80000006E-05    3.78859923E-04    3.74378288E-04    4.47464760E+00   -7.83881679E-04
     620    1.89999992E-05    3.80957542E-04    3.76425246E-04    4.52588193E+00   -7.83882213E-04
     621    1.89999992E-05    3.80957542E-04    3.76425246E-04    4.52588193E+00   -7.83882213E-04
     622    1.89999992E-05    3.80957542E-04    3.76425246E-04    4.52588193E+00   -7.83882213E-04
     623    1.89999992E-05    3.80957542E-04    3.76425246E-04    4.52588193E+00   -7.83882213E-04
     624    1.89999992E-05    3.80957542E-04    3.76425246E-04    4.52588193E+00   -7.83882213E-04
     625    1.89999992E-05    3.80957542E-04    3.76425246E-04    4.52588193E+00   -7.83882213E-04
     626    1.89999992E-05    3.80957542E-04    3.76425246E-04    4.52588193E+00   -7.83882213E-04
     627    1.89999992E-05    3.80957542E-04    3.76425246E-04    4.52588193E+00   -7.83882213E-04
     628    1.89999992E-05    3.80957542E-04    3.76425246E-04    4.52588193E+00   -7.83882213E-04
     629    1.89999992E-05    3.80957542E-04    3.76425246E-04    4.52588193E+00   -7.83882213E-04
     630    1.89999992E-05    3.80957542E-04    3.76425246E-04    4.52588193E+00   -7.83882213E-04
     631    1.89999992E-05    3.80957542E-04    3.76425246E-04    4.52588193E+00   -7.83882213E-04
     632    1.89999992E-05    3.80957542E-04    3.76425246E-04    4.52588193E+00   -7.83882213E-04
     633    1.89999992E-05    3.80957542E-04    3.76425246E-04    4.52588193E+00   -7.83882213E-04
     634    1.89999992E-05    3.80957542E-04    3.76425246E-04    4.52588193E+00   -7.83882213E-04
     635    1.89999992E-05    3.80957542E-04    3.76425246E-04    4.52588193E+00   -7.83882213E-04
     636    1.89999992E-05    3.80957542E-04    3.76425246E-04    4.52588193E+00   -7.83882213E-04
     637    1.89999992E-05    3.80957542E-04    3.76425246E-04    4.52588193E+00   -7.83882213E-04
     638    1.89999992E-05    3.80957542E-04    3.76425246E-04    4.52588193E+00   -7.83882213E-04
     639    1.89999992E-05    3.80957542E-04    3.76425246E-04    4.52588193E+00   -7.83882213E-04
     640    1.89999992E-05    3.80957542E-04    3.76425246E-04    4.52588193E+00   -7.83882213E-04
     641    1.89999992E-05    3.80957542E-04    3.76425246E-04    4.52588193E+00   -7.83882213E-04
     642    1.89999992E-05    3.80957542E-04    3.76425246E-04    4.52588193E+00   -7.83882213E-04
     643    1.89999992E-05    3.80957542E-04    3.76425246E-04    4.52588193E+00   -7.83882213E-04
     644    1.89999992E-05    3.80957542E-04    3.76425246E-04    4.52588193E+00   -7.83882213E-04
     645    1.89999992E-05    3.80957542E-04    3.76425246E-04    4.52588193E+00   -7.83882213E-04
     646    1.89999992E-05    3.80957542E-04    3.76425246E-04    4.52588193E+00   -7.83882213E-04
     647    1.89999992E-05    3.80957542E-04    3.76425246E-04    4.52588193E+00   -7.83882213E-04
     648    1.99999995E-05    3.82760677E-04    3.78184681E-04    4.57008318E+00   -7.83882661E-04
     649    1.99999995E-05    3.82760677E-04    3.78184681E-04    4.57008318E+00   -7.83882661E-04
     650    1.99999995E-05    3.82760677E-04    3.78184681E-04    4.57008318E+00   -7.83882661E-04
     651    1.99999995E-05    3.82760677E-04    3.78184681E-04    4.57008318E+00   -7.83882661E-04
     652    1.99999995E-05    3.82760677E-04    3.78184681E-04    4.57008318E+00   -7.83882661E-04
     653    1.99999995E-05    3.82760677E-04    3.78184681E-04    4.57008318E+00   -7.83882661E-04
     654    1.99999995E-05    3.82760677E-04    3.78184681E-04    4.57008318E+00   -7.83882661E-04
     655    1.99999995E-05    3.82760677E-04    3.78184681E-04    4.57008318E+00   -7.83882661E-04
     656    1.99999995E-05    3.82760677E-04    3.78184681E-04    4.57008318E+00   -7.83882661E-04
     657    1.99999995E-05    3.82760677E-04    3.78184681E-04    4.57008318E+00   -7.83882661E-04
     658    1.99999995E-05    3.82760677E-04    3.78184681E-04    4.57008318E+00   -7.83882661E-04
     659    1.99999995E-05    3.82760677E-04    3.78184681E-04    4.57008318E+00   -7.83882661E-04
     660    1.99999995E-05    3.82760677E-04    3.78184681E-04    4.57008318E+00   -7.83882661E-04
     661    1.99999995E-05    3.82760677E-04    3.78184681E-04    4.57008318E+00   -7.83882661E-04
     662    1.99999995E-05    3.82760677E-04    3.78184681E-04    4.57008318E+00   -7.83882661E-04
     663    1.99999995E-05    3.82760677E-04    3.78184681E-04    4.57008318E+00   -7.83882661E-04
     664    1.99999995E-05    3.82760677E-04    3.78184681E-04    4.57008318E+00   -7.83882661E-04
     665    1.99999995E-05    3.82760677E-04    3.78184681E-04    4.57008318E+00   -7.83882661E-04
     666    1.99999995E-05    3.82760677E-04    3.78184681E-04    4.57008318E+00   -7.83882661E-04
     667    1.99999995E-05    3.82760677E-04    3.78184681E-04    4.57008318E+00   -7.83882661E-04
     668    1.99999995E-05    3.82760677E-04    3.78184681E-04    4.57008318E+00   -7.83882661E-04
     669    1.99999995E-05    3.82760677E-04    3.78184681E-04    4.57008318E+00   -7.83882661E-04
     670    1.99999995E-05    3.82760677E-04    3.78184681E-04    4.57008318E+00   -7.83882661E-04
     671    1.99999995E-05    3.82760677E-04    3.78184681E-04    4.57008318E+00   -7.83882661E-04
     672    1.99999995E-05    3.82760677E-04    3.78184681E-04    4.57008318E+00   -7.83882661E-04
     673    1.99999995E-05    3.82760677E-04    3.78184681E-04    4.57008318E+00   -7.83882661E-04
     674    2.09999998E-05    3.84321482E-04    3.79707546E-04    4.60846267E+00   -7.83883042E-04
     675    2.09999998E-05    3.84321482E-04    3.79707546E-04    4.60846267E+00   -7.83883042E-04
     676    2.09999998E-05    3.84321482E-04    3.79707546E-04    4.60846267E+00   -7.83883042E-04
     677    2.09999998E-05    3.84321482E-04    3.79707546E-04    4.60846267E+00   -7.83883042E-04
     678    2.09999998E-05    3.84321482E-04    3.79707546E-04    4.60846267E+00   -7.83883042E-04
     679    2.09999998E-05    3.84321482E-04    3.79707546E-04    4.60846267E+00   -7.83883042E-04
     680    2.09999998E-05    3.84321482E-04    3.79707546E-04    4.60846267E+00   -7.83883042E-04
     681    2.09999998E-05    3.84321482E-04    3.79707546E-04    4.60846267E+00   -7.83883042E-04
     682    2.09999998E-05    3.84321482E-04    3.79707546E-04    4.60846267E+00   -7.83883042E-04
     683    2.09999998E-05    3.84321482E-04    3.79707546E-04    4.60846267E+00   -7.83883042E-04
     684    2.09999998E-05    3.84321482E-04    3.79707546E-04    4.60846267E+00   -7.83883042E-04
     685    2.09999998E-05    3.84321482E-04    3.79707546E-04    4.60846267E+00   -7.83883042E-04
     686    2.09999998E-05    3.84321482E-04    3.79707546E-04    4.60846267E+00   -7.83883042E-04
     687    2.09999998E-05    3.84321482E-04    3.79707546E-04    4.60846267E+00   -7.83883042E-04
     688    2.09999998E-05    3.84321482E-04    3.79707546E-04    4.60846267E+00   -7.83883042E-04
     689    2.09999998E-05    3.84321482E-04    3.79707546E-04    4.60846267E+00   -7.83883042E-04
     690    2.09999998E-05    3.84321482E-04    3.79707546E-04    4.60846267E+00   -7.83883042E-04
     691    2.09999998E-05    3.84321482E-04    3.79707546E-04    4.60846267E+00   -7.83883042E-04
     692    2.09999998E-05    3.84321482E-04    3.79707546E-04    4.60846267E+00   -7.83883042E-04
     693    2.09999998E-05    3.84321482E-04    3.79707546E-04    4.60846267E+00   -7.83883042E-04
     694    2.09999998E-05    3.84321482E-04    3.79707546E-04    4.60846267E+00   -7.83883042E-04
     695    2.09999998E-05    3.84321482E-04    3.79707546E-04    4.60846267E+00   -7.83883042E-04
     696    2.09999998E-05    3.84321482E-04    3.79707546E-04    4.60846267E+00   -7.83883042E-04
     697    2.09999998E-05    3.84321482E-04    3.79707546E-04    4.60846267E+00   -7.83883042E-04
     698    2.20000002E-05    3.85681160E-04    3.81034087E-04    4.64198589E+00   -7.83883369E-04
     699    2.20000002E-05    3.85681160E-04    3.81034087E-04    4.64198589E+00   -7.83883369E-04
     700    2.20000002E-05    3.85681160E-04    3.81034087E-04    4.64198589E+00   -7.83883369E-04
     701    2.20000002E-05    3.85681160E-04    3.81034087E-04    4.64198589E+00   -7.83883369E-04
     702    2.20000002E-05    3.85681160E-04    3.81034087E-04    4.64198589E+00   -7.83883369E-04
     703    2.20000002E-05    3.85681160E-04    3.81034087E-04    4.64198589E+00   -7.83883369E-04
     704    2.20000002E-05    3.85681160E-04    3.81034087E-04    4.64198589E+00   -7.83883369E-04
     705    2.20000002E-05    3.85681160E-04    3.81034087E-04    4.64198589E+00   -7.83883369E-04
     706    2.20000002E-05    3.85681160E-04    3.81034087E-04    4.64198589E+00   -7.83883369E-04
     707    2.20000002E-05    3.85681160E-04    3.81034087E-04    4.64198589E+00   -7.83883369E-04
     708    2.20000002E-05    3.85681160E-04    3.81034087E-04    4.64198589E+00   -7.83883369E-04
     709    2.20000002E-05    3.85681160E-04    3.81034087E-04    4.64198589E+00   -7.83883369E-04
     710    2.20000002E-05    3.85681160E-04    3.81034087E-04    4.64198589E+00   -7.83883369E-04
     711    2.20000002E-05    3.85681160E-04    3.81034087E-04    4.64198589E+00   -7.83883369E-04
     712    2.20000002E-05    3.85681160E-04    3.81034087E-04    4.64198589E+00   -7.83883369E-04
     713    2.20000002E-05    3.85681160E-04    3.81034087E-04    4.64198589E+00   -7.83883369E-04
     714    2.20000002E-05    3.85681160E-04    3.81034087E-04    4.64198589E+00   -7.83883369E-04
     715    2.20000002E-05    3.85681160E-04    3.81034087E-04    4.64198589E+00   -7.83883369E-04
     716    2.20000002E-05    3.85681160E-04    3.81034087E-04    4.64198589E+00   -7.83883369E-04
     717    2.20000002E-05    3.85681160E-04    3.81034087E-04    4.64198589E+00   -7.83883369E-04
     718    2.20000002E-05    3.85681160E-04    3.81034087E-04    4.64198589E+00   -7.83883369E-04
     719    2.20000002E-05    3.85681160E-04    3.81034087E-04    4.64198589E+00   -7.83883369E-04
     720    2.30000005E-05    3.86872583E-04    3.82196409E-04    4.67142891E+00   -7.83883651E-04
     721    2.30000005E-05    3.86872583E-04    3.82196409E-04    4.67142891E+00   -7.83883651E-04
     722    2.30000005E-05    3.86872583E-04    3.82196409E-04    4.67142891E+00   -7.83883651E-04
     723    2.30000005E-05    3.86872583E-04    3.82196409E-04    4.67142891E+00   -7.83883651E-04
     724    2.30000005E-05    3.86872583E-04    3.82196409E-04    4.67142891E+00   -7.83883651E-04
     725    2.30000005E-05    3.86872583E-04    3.82196409E-04    4.67142891E+00   -7.83883651E-04
     726    2.30000005E-05    3.86872583E-04    3.82196409E-04    4.67142891E+00   -7.83883651E-04
     727    2.30000005E-05    3.86872583E-04    3.82196409E-04    4.67142891E+00   -7.83883651E-04
     728    2.30000005E-05    3.86872583E-04    3.82196409E-04    4.67142891E+00   -7.83883651E-04
     729    2.30000005E-05    3.86872583E-04    3.82196409E-04    4.67142891E+00   -7.83883651E-04
     730    2.30000005E-05    3.86872583E-04    3.82196409E-04    4.67142891E+00   -7.83883651E-04
     731    2.30000005E-05    3.86872583E-04    3.82196409E-04    4.67142891E+00   -7.83883651E-04
     732    2.30000005E-05    3.86872583E-04    3.82196409E-04    4.67142891E+00   -7.83883651E-04
     733    2.30000005E-05    3.86872583E-04    3.82196409E-04    4.67142891E+00   -7.83883651E-04
     734    2.30000005E-05    3.86872583E-04    3.82196409E-04    4.67142891E+00   -7.83883651E-04
     735    2.30000005E-05    3.86872583E-04    3.82196409E-04    4.67142891E+00   -7.83883651E-04
     736    2.30000005E-05    3.86872583E-04    3.82196409E-04    4.67142891E+00   -7.83883651E-04
     737    2.30000005E-05    3.86872583E-04    3.82196409E-04    4.67142891E+00   -7.83883651E-04
     738    2.30000005E-05    3.86872583E-04    3.82196409E-04    4.67142891E+00   -7.83883651E-04
     739    2.30000005E-05    3.86872583E-04    3.82196409E-04    4.67142891E+00   -7.83883651E-04
     740    2.30000005E-05    3.86872583E-04    3.82196409E-04    4.67142891E+00   -7.83883651E-04
     741    2.40000008E-05    3.87922222E-04    3.83220360E-04    4.69742068E+00   -7.83883896E-04
     742    2.40000008E-05    3.87922222E-04    3.83220360E-04    4.69742068E+00   -7.83883896E-04
     743    2.40000008E-05    3.87922222E-04    3.83220360E-04    4.69742068E+00   -7.83883896E-04
     744    2.40000008E-05    3.87922222E-04    3.83220360E-04    4.69742068E+00   -7.83883896E-04
     745    2.40000008E-05    3.87922222E-04    3.83220360E-04    4.69742068E+00   -7.83883896E-04
     746    2.40000008E-05    3.87922222E-04    3.83220360E-04    4.69742068E+00   -7.83883896E-04
     747    2.40000008E-05    3.87922222E-04    3.83220360E-04    4.69742068E+00   -7.83883896E-04
     748    2.40000008E-05    3.87922222E-04    3.83220360E-04    4.69742068E+00   -7.83883896E-04
     749    2.40000008E-05    3.87922222E-04    3.83220360E-04    4.69742068E+00   -7.83883896E-04
     750    2.40000008E-05    3.87922222E-04    3.83220360E-04    4.69742068E+00   -7.83883896E-04
     751    2.40000008E-05    3.87922222E-04    3.83220360E-04    4.69742068E+00   -7.83883896E-04
     752    2.40000008E-05    3.87922222E-04    3.83220360E-04    4.69742068E+00   -7.83883896E-04
     753    2.40000008E-05    3.87922222E-04    3.83220360E-04    4.69742068E+00   -7.83883896E-04
     754    2.40000008E-05    3.87922222E-04    3.83220360E-04    4.69742068E+00   -7.83883896E-04
     755    2.40000008E-05    3.87922222E-04    3.83220360E-04    4.69742068E+00   -7.83883896E-04
     756    2.40000008E-05    3.87922222E-04    3.83220360E-04    4.69742068E+00   -7.83883896E-04
     757    2.40000008E-05    3.87922222E-04    3.83220360E-04    4.69742068E+00   -7.83883896E-04
     758    2.40000008E-05    3.87922222E-04    3.83220360E-04    4.69742068E+00   -7.83883896E-04
     759    2.40000008E-05    3.87922222E-04    3.83220360E-04    4.69742068E+00   -7.83883896E-04
     760    2.49999994E-05    3.88851572E-04    3.84126927E-04    4.72047481E+00   -7.83884111E-04
     761    2.49999994E-05    3.88851572E-04    3.84126927E-04    4.72047481E+00   -7.83884111E-04
     762    2.49999994E-05    3.88851572E-04    3.84126927E-04    4.72047481E+00   -7.83884111E-04
     763    2.49999994E-05    3.88851572E-04    3.84126927E-04    4.72047481E+00   -7.83884111E-04
     764    2.49999994E-05    3.88851572E-04    3.84126927E-04    4.72047481E+00   -7.83884111E-04
     765    2.49999994E-05    3.88851572E-04    3.84126927E-04    4.72047481E+00   -7.83884111E-04
     766    2.49999994E-05    3.88851572E-04    3.84126927E-04    4.72047481E+00   -7.83884111E-04
     767    2.49999994E-05    3.88851572E-04    3.84126927E-04    4.72047481E+00   -7.83884111E-04
     768    2.49999994E-05    3.88851572E-04    3.84126927E-04    4.72047481E+00   -7.83884111E-04
     769    2.49999994E-05    3.88851572E-04    3.84126927E-04    4.72047481E+00   -7.83884111E-04
     770    2.49999994E-05    3.88851572E-04    3.84126927E-04    4.72047481E+00   -7.83884111E-04
     771    2.49999994E-05    3.88851572E-04    3.84126927E-04    4.72047481E+00   -7.83884111E-04
     772    2.49999994E-05    3.88851572E-04    3.84126927E-04    4.72047481E+00   -7.83884111E-04
     773    2.49999994E-05    3.88851572E-04    3.84126927E-04    4.72047481E+00   -7.83884111E-04
     774    2.49999994E-05    3.88851572E-04    3.84126927E-04    4.72047481E+00   -7.83884111E-04
     775    2.49999994E-05    3.88851572E-04    3.84126927E-04    4.72047481E+00   -7.83884111E-04
     776    2.49999994E-05    3.88851572E-04    3.84126927E-04    4.72047481E+00   -7.83884111E-04
     777    2.59999997E-05    3.89678233E-04    3.84933292E-04    4.74101384E+00   -7.83884300E-04
     778    2.59999997E-05    3.89678233E-04    3.84933292E-04    4.74101384E+00   -7.83884300E-04
     779    2.59999997E-05    3.89678233E-04    3.84933292E-04    4.74101384E+00   -7.83884300E-04
     780    2.59999997E-05    3.89678233E-04    3.84933292E-04    4.74101384E+00   -7.83884300E-04
     781    2.59999997E-05    3.89678233E-04    3.84933292E-04    4.74101384E+00   -7.83884300E-04
     782    2.59999997E-05    3.89678233E-04    3.84933292E-04    4.74101384E+00   -7.83884300E-04
     783    2.59999997E-05    3.89678233E-04    3.84933292E-04    4.74101384E+00   -7.83884300E-04
     784    2.59999997E-05    3.89678233E-04    3.84933292E-04    4.74101384E+00   -7.83884300E-04
     785    2.59999997E-05    3.89678233E-04    3.84933292E-04    4.74101384E+00   -7.83884300E-04
     786    2.59999997E-05    3.89678233E-04    3.84933292E-04    4.74101384E+00   -7.83884300E-04
     787    2.59999997E-05    3.89678233E-04    3.84933292E-04    4.74101384E+00   -7.83884300E-04
     788    2.59999997E-05    3.89678233E-04    3.84933292E-04    4.74101384E+00   -7.83884300E-04
     789    2.59999997E-05    3.89678233E-04    3.84933292E-04    4.74101384E+00   -7.83884300E-04
     790    2.59999997E-05    3.89678233E-04    3.84933292E-04    4.74101384E+00   -7.83884300E-04
     791    2.59999997E-05    3.89678233E-04    3.84933292E-04    4.74101384E+00   -7.83884300E-04
     792    2.59999997E-05    3.89678233E-04    3.84933292E-04    4.74101384E+00   -7.83884300E-04
     793    2.70000000E-05    3.90416714E-04    3.85653617E-04    4.75938762E+00   -7.83884468E-04
     794    2.70000000E-05    3.90416714E-04    3.85653617E-04    4.75938762E+00   -7.83884468E-04
     795    2.70000000E-05    3.90416714E-04    3.85653617E-04    4.75938762E+00   -7.83884468E-04
     796    2.70000000E-05    3.90416714E-04    3.85653617E-04    4.75938762E+00   -7.83884468E-04
     797    2.70000000E-05    3.90416714E-04    3.85653617E-04    4.75938762E+00   -7.83884468E-04
     798    2.70000000E-05    3.90416714E-04    3.85653617E-04    4.75938762E+00   -7.83884468E-04
     799    2.70000000E-05    3.90416714E-04    3.85653617E-04    4.75938762E+00   -7.83884468E-04
     800    2.70000000E-05    3.90416714E-04    3.85653617E-04    4.75938762E+00   -7.83884468E-04
     801    2.70000000E-05    3.90416714E-04    3.85653617E-04    4.75938762E+00   -7.83884468E-04
     802    2.70000000E-05    3.90416714E-04    3.85653617E-04    4.75938762E+00   -7.83884468E-04
     803    2.70000000E-05    3.90416714E-04    3.85653617E-04    4.75938762E+00   -7.83884468E-04
     804    2.70000000E-05    3.90416714E-04    3.85653617E-04    4.75938762E+00   -7.83884468E-04
     805    2.70000000E-05    3.90416714E-04    3.85653617E-04    4.75938762E+00   -7.83884468E-04
     806    2.70000000E-05    3.90416714E-04    3.85653617E-04    4.75938762E+00   -7.83884468E-04
     807    2.70000000E-05    3.90416714E-04    3.85653617E-04    4.75938762E+00   -7.83884468E-04
     808    2.80000004E-05    3.91079063E-04    3.86299663E-04    4.77588776E+00   -7.83884617E-04
     809    2.80000004E-05    3.91079063E-04    3.86299663E-04    4.77588776E+00   -7.83884617E-04
     810    2.80000004E-05    3.91079063E-04    3.86299663E-04    4.77588776E+00   -7.83884617E-04
     811    2.80000004E-05    3.91079063E-04    3.86299663E-04    4.77588776E+00   -7.83884617E-04
     812    2.80000004E-05    3.91079063E-04    3.86299663E-04    4.77588776E+00   -7.83884617E-04
     813    2.80000004E-05    3.91079063E-04    3.86299663E-04    4.77588776E+00   -7.83884617E-04
     814    2.80000004E-05    3.91079063E-04    3.86299663E-04    4.77588776E+00   -7.83884617E-04
     815    2.80000004E-05    3.91079063E-04    3.86299663E-04    4.77588776E+00   -7.83884617E-04
     816    2.80000004E-05    3.91079063E-04    3.86299663E-04    4.77588776E+00   -7.83884617E-04
     817    2.80000004E-05    3.91079063E-04    3.86299663E-04    4.77588776E+00   -7.83884617E-04
     818    2.80000004E-05    3.91079063E-04    3.86299663E-04    4.77588776E+00   -7.83884617E-04
     819    2.80000004E-05    3.91079063E-04    3.86299663E-04    4.77588776E+00   -7.83884617E-04
     820    2.80000004E-05    3.91079063E-04    3.86299663E-04    4.77588776E+00   -7.83884617E-04
     821    2.80000004E-05    3.91079063E-04    3.86299663E-04    4.77588776E+00   -7.83884617E-04
     822    2.90000007E-05    3.91675348E-04    3.86881255E-04    4.79075875E+00   -7.83884751E-04
     823    2.90000007E-05    3.91675348E-04    3.86881255E-04    4.79075875E+00   -7.83884751E-04
     824    2.90000007E-05    3.91675348E-04    3.86881255E-04    4.79075875E+00   -7.83884751E-04
     825    2.90000007E-05    3.91675348E-04    3.86881255E-04    4.79075875E+00   -7.83884751E-04
     826    2.90000007E-05    3.91675348E-04    3.86881255E-04    4.79075875E+00   -7.83884751E-04
     827    2.90000007E-05    3.91675348E-04    3.86881255E-04    4.79075875E+00   -7.83884751E-04
     828    2.90000007E-05    3.91675348E-04    3.86881255E-04    4.79075875E+00   -7.83884751E-04
     829    2.90000007E-05    3.91675348E-04    3.86881255E-04    4.79075875E+00   -7.83884751E-04
     830    2.90000007E-05    3.91675348E-04    3.86881255E-04    4.79075875E+00   -7.83884751E-04
     831    2.90000007E-05    3.91675348E-04    3.86881255E-04    4.79075875E+00   -7.83884751E-04
     832    2.90000007E-05    3.91675348E-04    3.86881255E-04    4.79075875E+00   -7.83884751E-04
     833    2.90000007E-05    3.91675348E-04    3.86881255E-04    4.79075875E+00   -7.83884751E-04
     834    2.90000007E-05    3.91675348E-04    3.86881255E-04    4.79075875E+00   -7.83884751E-04
     835    2.99999992E-05    3.92214034E-04    3.87406654E-04    4.80420674E+00   -7.83884870E-04
     836    2.99999992E-05    3.92214034E-04    3.87406654E-04    4.80420674E+00   -7.83884870E-04
     837    2.99999992E-05    3.92214034E-04    3.87406654E-04    4.80420674E+00   -7.83884870E-04
     838    2.99999992E-05    3.92214034E-04    3.87406654E-04    4.80420674E+00   -7.83884870E-04
     839    2.99999992E-05    3.92214034E-04    3.87406654E-04    4.80420674E+00   -7.83884870E-04
     840    2.99999992E-05    3.92214034E-04    3.87406654E-04    4.80420674E+00   -7.83884870E-04
     841    2.99999992E-05    3.92214034E-04    3.87406654E-04    4.80420674E+00   -7.83884870E-04
     842    2.99999992E-05    3.92214034E-04    3.87406654E-04    4.80420674E+00   -7.83884870E-04
     843    2.99999992E-05    3.92214034E-04    3.87406654E-04    4.80420674E+00   -7.83884870E-04
     844    2.99999992E-05    3.92214034E-04    3.87406654E-04    4.80420674E+00   -7.83884870E-04
     845    2.99999992E-05    3.92214034E-04    3.87406654E-04    4.80420674E+00   -7.83884870E-04
     846    2.99999992E-05    3.92214034E-04    3.87406654E-04    4.80420674E+00   -7.83884870E-04
     847    3.09999996E-05    3.92702279E-04    3.87882845E-04    4.81640657E+00   -7.83884978E-04
     848    3.09999996E-05    3.92702279E-04    3.87882845E-04    4.81640657E+00   -7.83884978E-04
     849    3.09999996E-05    3.92702279E-04    3.87882845E-04    4.81640657E+00   -7.83884978E-04
     850    3.09999996E-05    3.92702279E-04    3.87882845E-04    4.81640657E+00   -7.83884978E-04
     851    3.09999996E-05    3.92702279E-04    3.87882845E-04    4.81640657E+00   -7.83884978E-04
     852    3.09999996E-05    3.92702279E-04    3.87882845E-04    4.81640657E+00   -7.83884978E-04
     853    3.09999996E-05    3.92702279E-04    3.87882845E-04    4.81640657E+00   -7.83884978E-04
     854    3.09999996E-05    3.92702279E-04    3.87882845E-04    4.81640657E+00   -7.83884978E-04
     855    3.09999996E-05    3.92702279E-04    3.87882845E-04    4.81640657E+00   -7.83884978E-04
     856    3.09999996E-05    3.92702279E-04    3.87882845E-04    4.81640657E+00   -7.83884978E-04
     857    3.09999996E-05    3.92702279E-04    3.87882845E-04    4.81640657E+00   -7.83884978E-04
     858    3.19999999E-05    3.93146165E-04    3.88315765E-04    4.82750712E+00   -7.83885076E-04
     859    3.19999999E-05    3.93146165E-04    3.88315765E-04    4.82750712E+00   -7.83885076E-04
     860    3.19999999E-05    3.93146165E-04    3.88315765E-04    4.82750712E+00   -7.83885076E-04
     861    3.19999999E-05    3.93146165E-04    3.88315765E-04    4.82750712E+00   -7.83885076E-04
     862    3.19999999E-05    3.93146165E-04    3.88315765E-04    4.82750712E+00   -7.83885076E-04
     863    3.19999999E-05    3.93146165E-04    3.88315765E-04    4.82750712E+00   -7.83885076E-04
     864    3.19999999E-05    3.93146165E-04    3.88315765E-04    4.82750712E+00   -7.83885076E-04
     865    3.19999999E-05    3.93146165E-04    3.88315765E-04    4.82750712E+00   -7.83885076E-04
     866    3.19999999E-05    3.93146165E-04    3.88315765E-04    4.82750712E+00   -7.83885076E-04
     867    3.19999999E-05    3.93146165E-04    3.88315765E-04    4.82750712E+00   -7.83885076E-04
     868    3.30000003E-05    3.93550889E-04    3.88710482E-04    4.83763587E+00   -7.83885164E-04
     869    3.30000003E-05    3.93550889E-04    3.88710482E-04    4.83763587E+00   -7.83885164E-04
     870    3.30000003E-05    3.93550889E-04    3.88710482E-04    4.83763587E+00   -7.83885164E-04
     871    3.30000003E-05    3.93550889E-04    3.88710482E-04    4.83763587E+00   -7.83885164E-04
     872    3.30000003E-05    3.93550889E-04    3.88710482E-04    4.83763587E+00   -7.83885164E-04
     873    3.30000003E-05    3.93550889E-04    3.88710482E-04    4.83763587E+00   -7.83885164E-04
     874    3.30000003E-05    3.93550889E-04    3.88710482E-04    4.83763587E+00   -7.83885164E-04
     875    3.30000003E-05    3.93550889E-04    3.88710482E-04    4.83763587E+00   -7.83885164E-04
     876    3.30000003E-05    3.93550889E-04    3.88710482E-04    4.83763587E+00   -7.83885164E-04
     877    3.40000006E-05    3.93920910E-04    3.89071349E-04    4.84690244E+00   -7.83885245E-04
     878    3.40000006E-05    3.93920910E-04    3.89071349E-04    4.84690244E+00   -7.83885245E-04
     879    3.40000006E-05    3.93920910E-04    3.89071349E-04    4.84690244E+00   -7.83885245E-04
     880    3.40000006E-05    3.93920910E-04    3.89071349E-04    4.84690244E+00   -7.83885245E-04
     881    3.40000006E-05    3.93920910E-04    3.89071349E-04    4.84690244E+00   -7.83885245E-04
     882    3.40000006E-05    3.93920910E-04    3.89071349E-04    4.84690244E+00   -7.83885245E-04
     883    3.40000006E-05    3.93920910E-04    3.89071349E-04    4.84690244E+00   -7.83885245E-04
     884    3.40000006E-05    3.93920910E-04    3.89071349E-04    4.84690244E+00   -7.83885245E-04
     885    3.40000006E-05    3.93920910E-04    3.89071349E-04    4.84690244E+00   -7.83885245E-04
     886    3.50000009E-05    3.94260074E-04    3.89402117E-04    4.85540150E+00   -7.83885319E-04
     887    3.50000009E-05    3.94260074E-04    3.89402117E-04    4.85540150E+00   -7.83885319E-04
     888    3.50000009E-05    3.94260074E-04    3.89402117E-04    4.85540150E+00   -7.83885319E-04
     889    3.50000009E-05    3.94260074E-04    3.89402117E-04    4.85540150E+00   -7.83885319E-04
     890    3.50000009E-05    3.94260074E-04    3.89402117E-04    4.85540150E+00   -7.83885319E-04
     891    3.50000009E-05    3.94260074E-04    3.89402117E-04    4.85540150E+00   -7.83885319E-04
     892    3.50000009E-05    3.94260074E-04    3.89402117E-04    4.85540150E+00   -7.83885319E-04
     893    3.50000009E-05    3.94260074E-04    3.89402117E-04    4.85540150E+00   -7.83885319E-04
     894    3.60000013E-05    3.94571707E-04    3.89706032E-04    4.86321515E+00   -7.83885386E-04
     895    3.60000013E-05    3.94571707E-04    3.89706032E-04    4.86321515E+00   -7.83885386E-04
     896    3.60000013E-05    3.94571707E-04    3.89706032E-04    4.86321515E+00   -7.83885386E-04
     897    3.60000013E-05    3.94571707E-04    3.89706032E-04    4.86321515E+00   -7.83885386E-04
     898    3.60000013E-05    3.94571707E-04    3.89706032E-04    4.86321515E+00   -7.83885386E-04
     899    3.60000013E-05    3.94571707E-04    3.89706032E-04    4.86321515E+00   -7.83885386E-04
     900    3.60000013E-05    3.94571707E-04    3.89706032E-04    4.86321515E+00   -7.83885386E-04
     901    3.70000016E-05    3.94858703E-04    3.89985916E-04    4.87041482E+00   -7.83885448E-04
     902    3.70000016E-05    3.94858703E-04    3.89985916E-04    4.87041482E+00   -7.83885448E-04
     903    3.70000016E-05    3.94858703E-04    3.89985916E-04    4.87041482E+00   -7.83885448E-04
     904    3.70000016E-05    3.94858703E-04    3.89985916E-04    4.87041482E+00   -7.83885448E-04
     905    3.70000016E-05    3.94858703E-04    3.89985916E-04    4.87041482E+00   -7.83885448E-04
     906    3.70000016E-05    3.94858703E-04    3.89985916E-04    4.87041482E+00   -7.83885448E-04
     907    3.70000016E-05    3.94858703E-04    3.89985916E-04    4.87041482E+00   -7.83885448E-04
     908    3.79999983E-05    3.95123585E-04    3.90244230E-04    4.87706292E+00   -7.83885505E-04
     909    3.79999983E-05    3.95123585E-04    3.90244230E-04    4.87706292E+00   -7.83885505E-04
     910    3.79999983E-05    3.95123585E-04    3.90244230E-04    4.87706292E+00   -7.83885505E-04
     911    3.79999983E-05    3.95123585E-04    3.90244230E-04    4.87706292E+00   -7.83885505E-04
     912    3.79999983E-05    3.95123585E-04    3.90244230E-04    4.87706292E+00   -7.83885505E-04
     913    3.79999983E-05    3.95123585E-04    3.90244230E-04    4.87706292E+00   -7.83885505E-04
     914    3.89999987E-05    3.95368562E-04    3.90483131E-04    4.88321420E+00   -7.83885557E-04
     915    3.89999987E-05    3.95368562E-04    3.90483131E-04    4.88321420E+00   -7.83885557E-04
     916    3.89999987E-05    3.95368562E-04    3.90483131E-04    4.88321420E+00   -7.83885557E-04
     917    3.89999987E-05    3.95368562E-04    3.90483131E-04    4.88321420E+00   -7.83885557E-04
     918    3.89999987E-05    3.95368562E-04    3.90483131E-04    4.88321420E+00   -7.83885557E-04
     919    3.89999987E-05    3.95368562E-04    3.90483131E-04    4.88321420E+00   -7.83885557E-04
     920    3.99999990E-05    3.95595575E-04    3.90704511E-04    4.88891676E+00   -7.83885606E-04
     921    3.99999990E-05    3.95595575E-04    3.90704511E-04    4.88891676E+00   -7.83885606E-04
     922    3.99999990E-05    3.95595575E-04    3.90704511E-04    4.88891676E+00   -7.83885606E-04
     923    3.99999990E-05    3.95595575E-04    3.90704511E-04    4.88891676E+00   -7.83885606E-04
     924    3.99999990E-05    3.95595575E-04    3.90704511E-04    4.88891676E+00   -7.83885606E-04
     925    4.09999993E-05    3.95806335E-04    3.90910040E-04    4.89421304E+00   -7.83885651E-04
     926    4.09999993E-05    3.95806335E-04    3.90910040E-04    4.89421304E+00   -7.83885651E-04
     927    4.09999993E-05    3.95806335E-04    3.90910040E-04    4.89421304E+00   -7.83885651E-04
     928    4.09999993E-05    3.95806335E-04    3.90910040E-04    4.89421304E+00   -7.83885651E-04
     929    4.09999993E-05    3.95806335E-04    3.90910040E-04    4.89421304E+00   -7.83885651E-04
     930    4.19999997E-05    3.96002354E-04    3.91101191E-04    4.89914062E+00   -7.83885693E-04
     931    4.19999997E-05    3.96002354E-04    3.91101191E-04    4.89914062E+00   -7.83885693E-04
     932    4.19999997E-05    3.96002354E-04    3.91101191E-04    4.89914062E+00   -7.83885693E-04
     933    4.19999997E-05    3.96002354E-04    3.91101191E-04    4.89914062E+00   -7.83885693E-04
     934    4.19999997E-05    3.96002354E-04    3.91101191E-04    4.89914062E+00   -7.83885693E-04
     935    4.30000000E-05    3.96184971E-04    3.91279272E-04    4.90373284E+00   -7.83885731E-04
     936    4.30000000E-05    3.96184971E-04    3.91279272E-04    4.90373284E+00   -7.83885731E-04
     937    4.30000000E-05    3.96184971E-04    3.91279272E-04    4.90373284E+00   -7.83885731E-04
     938    4.30000000E-05    3.96184971E-04    3.91279272E-04    4.90373284E+00   -7.83885731E-04
     939    4.40000003E-05    3.96355379E-04    3.91445447E-04    4.90801935E+00   -7.83885768E-04
     940    4.40000003E-05    3.96355379E-04    3.91445447E-04    4.90801935E+00   -7.83885768E-04
     941    4.40000003E-05    3.96355379E-04    3.91445447E-04    4.90801935E+00   -7.83885768E-04
     942    4.40000003E-05    3.96355379E-04    3.91445447E-04    4.90801935E+00   -7.83885768E-04
     943    4.50000007E-05    3.96514641E-04    3.91600750E-04    4.91202662E+00   -7.83885801E-04
     944    4.50000007E-05    3.96514641E-04    3.91600750E-04    4.91202662E+00   -7.83885801E-04
     945    4.50000007E-05    3.96514641E-04    3.91600750E-04    4.91202662E+00   -7.83885801E-04
     946    4.50000007E-05    3.96514641E-04    3.91600750E-04    4.91202662E+00   -7.83885801E-04
     947    4.60000010E-05    3.96663706E-04    3.91746110E-04    4.91577833E+00   -7.83885833E-04
     948    4.60000010E-05    3.96663706E-04    3.91746110E-04    4.91577833E+00   -7.83885833E-04
     949    4.60000010E-05    3.96663706E-04    3.91746110E-04    4.91577833E+00   -7.83885833E-04
     950    4.60000010E-05    3.96663706E-04    3.91746110E-04    4.91577833E+00   -7.83885833E-04
     951    4.70000014E-05    3.96803425E-04    3.91882354E-04    4.91929568E+00   -7.83885862E-04
     952    4.70000014E-05    3.96803425E-04    3.91882354E-04    4.91929568E+00   -7.83885862E-04
     953    4.70000014E-05    3.96803425E-04    3.91882354E-04    4.91929568E+00   -7.83885862E-04
     954    4.80000017E-05    3.96934561E-04    3.92010229E-04    4.92259777E+00   -7.83885890E-04
     955    4.80000017E-05    3.96934561E-04    3.92010229E-04    4.92259777E+00   -7.83885890E-04
     956    4.80000017E-05    3.96934561E-04    3.92010229E-04    4.92259777E+00   -7.83885890E-04
     957    4.89999984E-05    3.97057803E-04    3.92130405E-04    4.92570173E+00   -7.83885916E-04
     958    4.89999984E-05    3.97057803E-04    3.92130405E-04    4.92570173E+00   -7.83885916E-04
     959    4.89999984E-05    3.97057803E-04    3.92130405E-04    4.92570173E+00   -7.83885916E-04
     960    4.99999987E-05    3.97173771E-04    3.92243488E-04    4.92862310E+00   -7.83885940E-04
     961    4.99999987E-05    3.97173771E-04    3.92243488E-04    4.92862310E+00   -7.83885940E-04
     962    4.99999987E-05    3.97173771E-04    3.92243488E-04    4.92862310E+00   -7.83885940E-04
     963    5.09999991E-05    3.97283025E-04    3.92350023E-04    4.93137588E+00   -7.83885963E-04
     964    5.09999991E-05    3.97283025E-04    3.92350023E-04    4.93137588E+00   -7.83885963E-04
     965    5.19999994E-05    3.97386073E-04    3.92450506E-04    4.93397277E+00   -7.83885985E-04
     966    5.19999994E-05    3.97386073E-04    3.92450506E-04    4.93397277E+00   -7.83885985E-04
     967    5.20864221E-05    3.97394703E-04    3.92458921E-04    4.93419027E+00   -7.83885986E-04
     968    5.29999998E-05    3.97483376E-04    3.92545387E-04    4.93642530E+00   -7.83886005E-04
     969    5.29999998E-05    3.97483376E-04    3.92545387E-04    4.93642530E+00   -7.83886005E-04
     970    5.40000001E-05    3.97575352E-04    3.92635073E-04    4.93874395E+00   -7.83886024E-04
     971    5.40000001E-05    3.97575352E-04    3.92635073E-04    4.93874395E+00   -7.83886024E-04
     972    5.50000004E-05    3.97662382E-04    3.92719936E-04    4.94093826E+00   -7.83886042E-04
     973    5.50000004E-05    3.97662382E-04    3.92719936E-04    4.94093826E+00   -7.83886042E-04
     974    5.60000008E-05    3.97744816E-04    3.92800316E-04    4.94301697E+00   -7.83886060E-04
     975    5.60000008E-05    3.97744816E-04    3.92800316E-04    4.94301697E+00   -7.83886060E-04
     976    5.70000011E-05    3.97822969E-04    3.92876523E-04    4.94498803E+00   -7.83886076E-04
     977    5.70000011E-05    3.97822969E-04    3.92876523E-04    4.94498803E+00   -7.83886076E-04
     978    5.80000014E-05    3.97897134E-04    3.92948841E-04    4.94685873E+00   -7.83886091E-04
     979    5.80000014E-05    3.97897134E-04    3.92948841E-04    4.94685873E+00   -7.83886091E-04
     980    5.89999981E-05    3.97967577E-04    3.93017528E-04    4.94863577E+00   -7.83886106E-04
     981    5.99999985E-05    3.98034542E-04    3.93082825E-04    4.95032529E+00   -7.83886120E-04
     982    6.09999988E-05    3.98098254E-04    3.93144949E-04    4.95193292E+00   -7.83886133E-04
     983    6.19999992E-05    3.98158922E-04    3.93204105E-04    4.95346388E+00   -7.83886146E-04
     984    6.29999995E-05    3.98216734E-04    3.93260476E-04    4.95492295E+00   -7.83886158E-04
     985    6.39999998E-05    3.98271869E-04    3.93314236E-04    4.95631455E+00   -7.83886169E-04
     986    6.50000002E-05    3.98324487E-04    3.93365543E-04    4.95764279E+00   -7.83886180E-04
     987    6.60000005E-05    3.98374741E-04    3.93414544E-04    4.95891143E+00   -7.83886191E-04
     988    6.70000009E-05    3.98422769E-04    3.93461374E-04    4.96012400E+00   -7.83886201E-04
     989    6.80000012E-05    3.98468700E-04    3.93506161E-04    4.96128373E+00   -7.83886210E-04
     990    6.90000015E-05    3.98512656E-04    3.93549020E-04    4.96239367E+00   -7.83886219E-04
     991    7.00000019E-05    3.98554748E-04    3.93590062E-04    4.96345660E+00   -7.83886228E-04
     992    7.10000022E-05    3.98595079E-04    3.93629387E-04    4.96447515E+00   -7.83886236E-04
     993    7.20000025E-05    3.98633746E-04    3.93667090E-04    4.96545174E+00   -7.83886244E-04
     994    7.30000029E-05    3.98670840E-04    3.93703258E-04    4.96638866E+00   -7.83886252E-04
     995    7.40000032E-05    3.98706444E-04    3.93737975E-04    4.96728802E+00   -7.83886259E-04
     996    7.49999963E-05    3.98740638E-04    3.93771315E-04    4.96815178E+00   -7.83886266E-04
     997    7.59999966E-05    3.98773494E-04    3.93803352E-04    4.96898183E+00   -7.83886273E-04
     998    7.69999970E-05    3.98805083E-04    3.93834152E-04    4.96977987E+00   -7.83886280E-04
     999    8.03323287E-05    3.98901985E-04    3.93928637E-04    4.97222829E+00   -7.83886300E-04
    1000    9.38736775E-05    3.99195527E-04    3.94214851E-04    4.97964763E+00   -7.83886360E-04
