 % Time.............:    6.3999999838415533E-004
 % Distribution.....:            0
 % Fluid flag.......:            0
 % Vaporization flag:            1
 % Temperature flag.:            1
 %    ID      Diameter         X position        Y position        X velocity       Y velocity           Mass            Temperature
       1    2.93204965E-06    1.21912624E-04    1.21912374E-04    4.43815284E-11   -2.50193870E-04    1.31981359E-14    2.84633158E+02
       2    3.92986908E-06    2.13261222E-04    2.13260769E-04    3.31044491E-06   -4.49406831E-04    3.17784626E-14    2.84660846E+02
       3    3.92986908E-06    2.13261222E-04    2.13260769E-04    3.31044491E-06   -4.49406831E-04    3.17784626E-14    2.84660846E+02
       4    4.92452893E-06    3.28324851E-04    3.28323611E-04    5.27757320E-04   -7.05080024E-04    6.25306169E-14    2.84879995E+02
       5    4.92452893E-06    3.28324851E-04    3.28323611E-04    5.27757320E-04   -7.05080024E-04    6.25306169E-14    2.84879995E+02
       6    4.92452893E-06    3.28324851E-04    3.28323611E-04    5.27757320E-04   -7.05080024E-04    6.25306169E-14    2.84879995E+02
       7    5.48206665E-06    4.02785788E-04    4.02781976E-04    2.90788189E-03   -8.71321681E-04    8.62643923E-14    2.85151312E+02
       8    5.91848390E-06    4.65645562E-04    4.65636489E-04    7.98401508E-03   -1.01095116E-03    1.08550055E-13    2.85440371E+02
       9    5.91848390E-06    4.65645562E-04    4.65636489E-04    7.98401508E-03   -1.01095116E-03    1.08550055E-13    2.85440371E+02
      10    5.91848390E-06    4.65645562E-04    4.65636489E-04    7.98401508E-03   -1.01095116E-03    1.08550055E-13    2.85440371E+02
      11    5.91848390E-06    4.65645562E-04    4.65636489E-04    7.98401508E-03   -1.01095116E-03    1.08550055E-13    2.85440371E+02
      12    6.91287517E-06    6.21224997E-04    6.21182821E-04    4.05351390E-02   -1.35044398E-03    1.72971590E-13    2.86303427E+02
      13    6.91287517E-06    6.21224997E-04    6.21182821E-04    4.05351390E-02   -1.35044398E-03    1.72971590E-13    2.86303427E+02
      14    6.91287517E-06    6.21224997E-04    6.21182821E-04    4.05351390E-02   -1.35044398E-03    1.72971590E-13    2.86303427E+02
      15    6.91287517E-06    6.21224997E-04    6.21182821E-04    4.05351390E-02   -1.35044398E-03    1.72971590E-13    2.86303427E+02
      16    6.91287517E-06    6.21224997E-04    6.21182821E-04    4.05351390E-02   -1.35044398E-03    1.72971590E-13    2.86303427E+02
      17    7.90810765E-06    7.87914093E-04    7.87795687E-04    1.16061823E-01   -1.70217697E-03    2.58950261E-13    2.87353177E+02
      18    7.90810765E-06    7.87914093E-04    7.87795687E-04    1.16061823E-01   -1.70217697E-03    2.58950261E-13    2.87353177E+02
      19    7.90810765E-06    7.87914093E-04    7.87795687E-04    1.16061823E-01   -1.70217697E-03    2.58950261E-13    2.87353177E+02
      20    7.90810765E-06    7.87914093E-04    7.87795687E-04    1.16061823E-01   -1.70217697E-03    2.58950261E-13    2.87353177E+02
      21    7.90810765E-06    7.87914093E-04    7.87795687E-04    1.16061823E-01   -1.70217697E-03    2.58950261E-13    2.87353177E+02
      22    8.90425550E-06    9.57632537E-04    9.57390190E-04    2.39240405E-01   -2.04815585E-03    3.69650650E-13    2.88488101E+02
      23    8.90425550E-06    9.57632537E-04    9.57390190E-04    2.39240405E-01   -2.04815585E-03    3.69650650E-13    2.88488101E+02
      24    8.90425550E-06    9.57632537E-04    9.57390190E-04    2.39240405E-01   -2.04815585E-03    3.69650650E-13    2.88488101E+02
      25    8.90425550E-06    9.57632537E-04    9.57390190E-04    2.39240405E-01   -2.04815585E-03    3.69650650E-13    2.88488101E+02
      26    8.90425550E-06    9.57632537E-04    9.57390190E-04    2.39240405E-01   -2.04815585E-03    3.69650650E-13    2.88488101E+02
      27    9.90126230E-06    1.12366279E-03    1.12325604E-03    4.02904196E-01   -2.37681261E-03    5.08241742E-13    2.89639707E+02
      28    9.90126230E-06    1.12366279E-03    1.12325604E-03    4.02904196E-01   -2.37681261E-03    5.08241742E-13    2.89639707E+02
      29    9.90126230E-06    1.12366279E-03    1.12325604E-03    4.02904196E-01   -2.37681261E-03    5.08241742E-13    2.89639707E+02
      30    9.90126230E-06    1.12366279E-03    1.12325604E-03    4.02904196E-01   -2.37681261E-03    5.08241742E-13    2.89639707E+02
      31    9.90126230E-06    1.12366279E-03    1.12325604E-03    4.02904196E-01   -2.37681261E-03    5.08241742E-13    2.89639707E+02
      32    1.08990313E-05    1.28148740E-03    1.28088795E-03    5.94941925E-01   -2.68216714E-03    6.77894849E-13    2.90766358E+02
      33    1.08990313E-05    1.28148740E-03    1.28088795E-03    5.94941925E-01   -2.68216714E-03    6.77894849E-13    2.90766358E+02
      34    1.08990313E-05    1.28148740E-03    1.28088795E-03    5.94941925E-01   -2.68216714E-03    6.77894849E-13    2.90766358E+02
      35    1.08990313E-05    1.28148740E-03    1.28088795E-03    5.94941925E-01   -2.68216714E-03    6.77894849E-13    2.90766358E+02
      36    1.08990313E-05    1.28148740E-03    1.28088795E-03    5.94941925E-01   -2.68216714E-03    6.77894849E-13    2.90766358E+02
      37    1.18974543E-05    1.42859600E-03    1.42778763E-03    8.03300378E-01   -2.96201958E-03    8.81781065E-13    2.91844464E+02
      38    1.18974543E-05    1.42859600E-03    1.42778763E-03    8.03300378E-01   -2.96201958E-03    8.81781065E-13    2.91844464E+02
      39    1.18974543E-05    1.42859600E-03    1.42778763E-03    8.03300378E-01   -2.96201958E-03    8.81781065E-13    2.91844464E+02
      40    1.18974543E-05    1.42859600E-03    1.42778763E-03    8.03300378E-01   -2.96201958E-03    8.81781065E-13    2.91844464E+02
      41    1.28964282E-05    1.56395104E-03    1.56292735E-03    1.01814037E+00   -3.21642003E-03    1.12307037E-12    2.92861862E+02
      42    1.28964282E-05    1.56395104E-03    1.56292735E-03    1.01814037E+00   -3.21642003E-03    1.12307037E-12    2.92861862E+02
      43    1.28964282E-05    1.56395104E-03    1.56292735E-03    1.01814037E+00   -3.21642003E-03    1.12307037E-12    2.92861862E+02
      44    1.28964282E-05    1.56395104E-03    1.56292735E-03    1.01814037E+00   -3.21642003E-03    1.12307037E-12    2.92861862E+02
      45    1.38958632E-05    1.68746920E-03    1.68623100E-03    1.23226352E+00   -3.44663236E-03    1.40493173E-12    2.93813437E+02
      46    1.38958632E-05    1.68746920E-03    1.68623100E-03    1.23226352E+00   -3.44663236E-03    1.40493173E-12    2.93813437E+02
      47    1.38958632E-05    1.68746920E-03    1.68623100E-03    1.23226352E+00   -3.44663236E-03    1.40493173E-12    2.93813437E+02
      48    1.38958632E-05    1.68746920E-03    1.68623100E-03    1.23226352E+00   -3.44663236E-03    1.40493173E-12    2.93813437E+02
      49    1.48956773E-05    1.79962710E-03    1.79818006E-03    1.44079918E+00   -3.65449537E-03    1.73053108E-12    2.94698337E+02
      50    1.48956773E-05    1.79962710E-03    1.79818006E-03    1.44079918E+00   -3.65449537E-03    1.73053108E-12    2.94698337E+02
      51    1.48956773E-05    1.79962710E-03    1.79818006E-03    1.44079918E+00   -3.65449537E-03    1.73053108E-12    2.94698337E+02
      52    1.48956773E-05    1.79962710E-03    1.79818006E-03    1.44079918E+00   -3.65449537E-03    1.73053108E-12    2.94698337E+02
      53    1.50069294E-05    1.81143457E-03    1.80996479E-03    1.46350649E+00   -3.67632755E-03    1.76959612E-12    2.94792718E+02
      54    1.58958040E-05    1.90119596E-03    1.89954878E-03    1.64069014E+00   -3.84205409E-03    2.10303322E-12    2.95518227E+02
      55    1.58958040E-05    1.90119596E-03    1.89954878E-03    1.64069014E+00   -3.84205409E-03    2.10303322E-12    2.95518227E+02
      56    1.58958040E-05    1.90119596E-03    1.89954878E-03    1.64069014E+00   -3.84205409E-03    2.10303322E-12    2.95518227E+02
      57    1.58958040E-05    1.90119596E-03    1.89954878E-03    1.64069014E+00   -3.84205409E-03    2.10303322E-12    2.95518227E+02
      58    1.68961842E-05    1.99307273E-03    1.99123585E-03    1.83019662E+00   -4.01135303E-03    2.52559986E-12    2.96276191E+02
      59    1.68961842E-05    1.99307273E-03    1.99123585E-03    1.83019662E+00   -4.01135303E-03    2.52559986E-12    2.96276191E+02
      60    1.68961842E-05    1.99307273E-03    1.99123585E-03    1.83019662E+00   -4.01135303E-03    2.52559986E-12    2.96276191E+02
      61    1.78967692E-05    2.07618000E-03    2.07416468E-03    2.00849491E+00   -4.16433013E-03    3.00139080E-12    2.96976043E+02
      62    1.78967692E-05    2.07618000E-03    2.07416468E-03    2.00849491E+00   -4.16433013E-03    3.00139080E-12    2.96976043E+02
      63    1.78967692E-05    2.07618000E-03    2.07416468E-03    2.00849491E+00   -4.16433013E-03    3.00139080E-12    2.96976043E+02
      64    1.88975162E-05    2.15140920E-03    2.14922689E-03    2.17537470E+00   -4.30276646E-03    3.53356282E-12    2.97621902E+02
      65    1.88975162E-05    2.15140920E-03    2.14922689E-03    2.17537470E+00   -4.30276646E-03    3.53356282E-12    2.97621902E+02
      66    1.88975162E-05    2.15140920E-03    2.14922689E-03    2.17537470E+00   -4.30276646E-03    3.53356282E-12    2.97621902E+02
      67    1.98983950E-05    2.21959182E-03    2.21725377E-03    2.33102286E+00   -4.42827001E-03    4.12527376E-12    2.98217931E+02
      68    1.98983950E-05    2.21959182E-03    2.21725377E-03    2.33102286E+00   -4.42827001E-03    4.12527376E-12    2.98217931E+02
      69    1.98983950E-05    2.21959182E-03    2.21725377E-03    2.33102286E+00   -4.42827001E-03    4.12527376E-12    2.98217931E+02
      70    2.08993752E-05    2.28148585E-03    2.27900289E-03    2.47586971E+00   -4.54227462E-03    4.77967696E-12    2.98768175E+02
      71    2.08993752E-05    2.28148585E-03    2.27900289E-03    2.47586971E+00   -4.54227462E-03    4.77967696E-12    2.98768175E+02
      72    2.19004337E-05    2.33777328E-03    2.33515566E-03    2.61048619E+00   -4.64605077E-03    5.49992517E-12    2.99276474E+02
      73    2.19004337E-05    2.33777328E-03    2.33515566E-03    2.61048619E+00   -4.64605077E-03    5.49992517E-12    2.99276474E+02
      74    2.29015510E-05    2.38906218E-03    2.38631950E-03    2.73551388E+00   -4.74071917E-03    6.28916980E-12    2.99746419E+02
      75    2.29015510E-05    2.38906218E-03    2.38631950E-03    2.73551388E+00   -4.74071917E-03    6.28916980E-12    2.99746419E+02
      76    2.39027111E-05    2.43589170E-03    2.43303289E-03    2.85161901E+00   -4.82726623E-03    7.15056107E-12    3.00181330E+02
      77    2.39027111E-05    2.43589170E-03    2.43303289E-03    2.85161901E+00   -4.82726623E-03    7.15056107E-12    3.00181330E+02
      78    2.49038990E-05    2.47873826E-03    2.47577160E-03    2.95946293E+00   -4.90655908E-03    8.08724640E-12    3.00584254E+02
      79    2.49038990E-05    2.47873826E-03    2.47577160E-03    2.95946293E+00   -4.90655908E-03    8.08724640E-12    3.00584254E+02
      80    2.59051077E-05    2.51802239E-03    2.51495550E-03    3.05968470E+00   -4.97936051E-03    9.10237751E-12    3.00957977E+02
      81    2.59051077E-05    2.51802239E-03    2.51495550E-03    3.05968470E+00   -4.97936051E-03    9.10237751E-12    3.00957977E+02
      82    2.69063265E-05    2.55411460E-03    2.55095451E-03    3.15288933E+00   -5.04634117E-03    1.01991002E-11    3.01305033E+02
      83    2.79075482E-05    2.58734168E-03    2.58409484E-03    3.23964310E+00   -5.10809175E-03    1.13805614E-11    3.01627721E+02
      84    2.89087670E-05    2.61799196E-03    2.61466430E-03    3.32047111E+00   -5.16513317E-03    1.26499072E-11    3.01928128E+02
      85    2.99099762E-05    2.64632008E-03    2.64291705E-03    3.39585714E+00   -5.21792548E-03    1.40102807E-11    3.02208143E+02
      86    3.09111759E-05    2.67255144E-03    2.66907803E-03    3.46624542E+00   -5.26687599E-03    1.54648322E-11    3.02469477E+02
      87    3.19123610E-05    2.69688556E-03    2.69334638E-03    3.53204188E+00   -5.31234555E-03    1.70167040E-11    3.02713681E+02
      88    3.29135294E-05    2.71949960E-03    2.71589885E-03    3.59361715E+00   -5.35465477E-03    1.86690406E-11    3.02942156E+02
      89    3.39146791E-05    2.74055104E-03    2.73689263E-03    3.65130906E+00   -5.39408901E-03    2.04249862E-11    3.03156174E+02
      90    3.49158088E-05    2.76018021E-03    2.75646769E-03    3.70542532E+00   -5.43090277E-03    2.22876847E-11    3.03356889E+02
      91    3.59169174E-05    2.77851232E-03    2.77474900E-03    3.75624614E+00   -5.46532348E-03    2.42602797E-11    3.03545345E+02
      92    3.69180043E-05    2.79565936E-03    2.79184827E-03    3.80402663E+00   -5.49755479E-03    2.63459147E-11    3.03722495E+02
      93    3.79190652E-05    2.81172162E-03    2.80786559E-03    3.84899903E+00   -5.52777931E-03    2.85477247E-11    3.03889201E+02
      94    3.89201072E-05    2.82678932E-03    2.82289092E-03    3.89137541E+00   -5.55616153E-03    3.08688689E-11    3.04046250E+02
      95    3.99211265E-05    2.84094341E-03    2.83700506E-03    3.93134872E+00   -5.58284927E-03    3.33124825E-11    3.04194358E+02
      96    4.09221232E-05    2.85425692E-03    2.85028084E-03    3.96909517E+00   -5.60797605E-03    3.58817083E-11    3.04334180E+02
      97    5.18707952E-05    2.95991252E-03    2.95563198E-03    4.27371042E+00   -5.80827352E-03    7.30747523E-11    3.05460228E+02
      98    5.40575068E-05    2.97477309E-03    2.97044901E-03    4.31727793E+00   -5.83658350E-03    8.27116473E-11    3.05620706E+02
      99    6.94285055E-05    3.04721274E-03    3.04267386E-03    4.53222694E+00   -5.97513578E-03    1.75231463E-10    3.06408008E+02
     100    8.18375342E-05    3.08158125E-03    3.07693897E-03    4.63571596E+00   -6.04122135E-03    2.86983046E-10    3.06782660E+02
