 % Time.............:    1.5999999959603883E-004
 % Distribution.....:            0
 % Fluid flag.......:            0
 % Vaporization flag:            1
 % Temperature flag.:   -1.32555305E+24
 %    ID      Diameter         X position        Y position        X velocity       Y velocity           Mass            Temperature
       1    2.81470817E-06    1.20639603E-04    1.20633058E-04    6.04270915E-03   -2.33584054E-04    1.16761256E-14    3.08000000E+02
       2    3.34898445E-06    1.62652562E-04    1.62612585E-04    3.84548764E-02   -3.25165193E-04    1.96669959E-14    3.08000000E+02
       3    3.85609461E-06    2.06166937E-04    2.06046610E-04    1.17157887E-01   -4.17550199E-04    3.00221421E-14    3.08000000E+02
       4    3.85609461E-06    2.06166937E-04    2.06046610E-04    1.17157887E-01   -4.17550199E-04    3.00221421E-14    3.08000000E+02
       5    4.88031364E-06    2.95619447E-04    2.95177467E-04    4.34902522E-01   -6.00155460E-04    6.08613854E-14    3.08000000E+02
       6    4.88031364E-06    2.95619447E-04    2.95177467E-04    4.34902522E-01   -6.00155460E-04    6.08613854E-14    3.08000000E+02
       7    4.88031364E-06    2.95619447E-04    2.95177467E-04    4.34902522E-01   -6.00155460E-04    6.08613854E-14    3.08000000E+02
       8    5.89666430E-06    3.76095822E-04    3.75204365E-04    8.81470874E-01   -7.58370884E-04    1.07353905E-13    3.08000000E+02
       9    5.89666430E-06    3.76095822E-04    3.75204365E-04    8.81470874E-01   -7.58370884E-04    1.07353905E-13    3.08000000E+02
      10    5.89666430E-06    3.76095822E-04    3.75204365E-04    8.81470874E-01   -7.58370884E-04    1.07353905E-13    3.08000000E+02
      11    5.89666430E-06    3.76095822E-04    3.75204365E-04    8.81470874E-01   -7.58370884E-04    1.07353905E-13    3.08000000E+02
      12    6.90863336E-06    4.43378262E-04    4.42013173E-04    1.35357391E+00   -8.87905460E-04    1.72653374E-13    3.08000000E+02
      13    6.90863336E-06    4.43378262E-04    4.42013173E-04    1.35357391E+00   -8.87905460E-04    1.72653374E-13    3.08000000E+02
      14    6.90863336E-06    4.43378262E-04    4.42013173E-04    1.35357391E+00   -8.87905460E-04    1.72653374E-13    3.08000000E+02
      15    6.90863336E-06    4.43378262E-04    4.42013173E-04    1.35357391E+00   -8.87905460E-04    1.72653374E-13    3.08000000E+02
      16    6.90863336E-06    4.43378262E-04    4.42013173E-04    1.35357391E+00   -8.87905460E-04    1.72653374E-13    3.08000000E+02
      17    7.91785203E-06    4.98009691E-04    4.96202949E-04    1.79470636E+00   -9.91977530E-04    2.59908677E-13    3.08000000E+02
      18    7.91785203E-06    4.98009691E-04    4.96202949E-04    1.79470636E+00   -9.91977530E-04    2.59908677E-13    3.08000000E+02
      19    7.91785203E-06    4.98009691E-04    4.96202949E-04    1.79470636E+00   -9.91977530E-04    2.59908677E-13    3.08000000E+02
      20    7.91785203E-06    4.98009691E-04    4.96202949E-04    1.79470636E+00   -9.91977530E-04    2.59908677E-13    3.08000000E+02
      21    7.91785203E-06    4.98009691E-04    4.96202949E-04    1.79470636E+00   -9.91977530E-04    2.59908677E-13    3.08000000E+02
      22    8.92520587E-06    5.42022011E-04    5.39825752E-04    2.18430861E+00   -1.07541613E-03    3.72265991E-13    3.08000000E+02
      23    8.92520587E-06    5.42022011E-04    5.39825752E-04    2.18430861E+00   -1.07541613E-03    3.72265991E-13    3.08000000E+02
      24    8.92520587E-06    5.42022011E-04    5.39825752E-04    2.18430861E+00   -1.07541613E-03    3.72265991E-13    3.08000000E+02
      25    8.92520587E-06    5.42022011E-04    5.39825752E-04    2.18430861E+00   -1.07541613E-03    3.72265991E-13    3.08000000E+02
      26    8.92520587E-06    5.42022011E-04    5.39825752E-04    2.18430861E+00   -1.07541613E-03    3.72265991E-13    3.08000000E+02
      27    9.93122481E-06    5.77556906E-04    5.75025672E-04    2.51969187E+00   -1.14266636E-03    5.12869737E-13    3.08000000E+02
      28    9.93122481E-06    5.77556906E-04    5.75025672E-04    2.51969187E+00   -1.14266636E-03    5.12869737E-13    3.08000000E+02
      29    9.93122481E-06    5.77556906E-04    5.75025672E-04    2.51969187E+00   -1.14266636E-03    5.12869737E-13    3.08000000E+02
      30    9.93122481E-06    5.77556906E-04    5.75025672E-04    2.51969187E+00   -1.14266636E-03    5.12869737E-13    3.08000000E+02
      31    9.93122481E-06    5.77556906E-04    5.75025672E-04    2.51969187E+00   -1.14266636E-03    5.12869737E-13    3.08000000E+02
      32    1.09362529E-05    6.06442313E-04    6.03625944E-04    2.80538814E+00   -1.19732790E-03    6.84863887E-13    3.08000000E+02
      33    1.09362529E-05    6.06442313E-04    6.03625944E-04    2.80538814E+00   -1.19732790E-03    6.84863887E-13    3.08000000E+02
      34    1.09362529E-05    6.06442313E-04    6.03625944E-04    2.80538814E+00   -1.19732790E-03    6.84863887E-13    3.08000000E+02
      35    1.09362529E-05    6.06442313E-04    6.03625944E-04    2.80538814E+00   -1.19732790E-03    6.84863887E-13    3.08000000E+02
      36    1.09362529E-05    6.06442313E-04    6.03625944E-04    2.80538814E+00   -1.19732790E-03    6.84863887E-13    3.08000000E+02
      37    1.19405213E-05    6.30127774E-04    6.27069301E-04    3.04810855E+00   -1.24218464E-03    8.91391511E-13    3.08000000E+02
      38    1.19405213E-05    6.30127774E-04    6.27069301E-04    3.04810855E+00   -1.24218464E-03    8.91391511E-13    3.08000000E+02
      39    1.19405213E-05    6.30127774E-04    6.27069301E-04    3.04810855E+00   -1.24218464E-03    8.91391511E-13    3.08000000E+02
      40    1.19405213E-05    6.30127774E-04    6.27069301E-04    3.04810855E+00   -1.24218464E-03    8.91391511E-13    3.08000000E+02
      41    1.29441928E-05    6.49731180E-04    6.46466815E-04    3.25462027E+00   -1.27935613E-03    1.13559521E-12    3.08000000E+02
      42    1.29441928E-05    6.49731180E-04    6.46466815E-04    3.25462027E+00   -1.27935613E-03    1.13559521E-12    3.08000000E+02
      43    1.29441928E-05    6.49731180E-04    6.46466815E-04    3.25462027E+00   -1.27935613E-03    1.13559521E-12    3.08000000E+02
      44    1.29441928E-05    6.49731180E-04    6.46466815E-04    3.25462027E+00   -1.27935613E-03    1.13559521E-12    3.08000000E+02
      45    1.39473885E-05    6.66107286E-04    6.62667164E-04    3.43096883E+00   -1.31045231E-03    1.42061806E-12    3.08000000E+02
      46    1.39473885E-05    6.66107286E-04    6.62667164E-04    3.43096883E+00   -1.31045231E-03    1.42061806E-12    3.08000000E+02
      47    1.39473885E-05    6.66107286E-04    6.62667164E-04    3.43096883E+00   -1.31045231E-03    1.42061806E-12    3.08000000E+02
      48    1.39473885E-05    6.66107286E-04    6.62667164E-04    3.43096883E+00   -1.31045231E-03    1.42061806E-12    3.08000000E+02
      49    1.49501956E-05    6.79909899E-04    6.76319020E-04    3.58228007E+00   -1.33670074E-03    1.74960197E-12    3.08000000E+02
      50    1.49501956E-05    6.79909899E-04    6.76319020E-04    3.58228007E+00   -1.33670074E-03    1.74960197E-12    3.08000000E+02
      51    1.49501956E-05    6.79909899E-04    6.76319020E-04    3.58228007E+00   -1.33670074E-03    1.74960197E-12    3.08000000E+02
      52    1.49501956E-05    6.79909899E-04    6.76319020E-04    3.58228007E+00   -1.33670074E-03    1.74960197E-12    3.08000000E+02
      53    1.59526838E-05    6.91641764E-04    6.87920880E-04    3.71279655E+00   -1.35904416E-03    2.12568988E-12    3.08000000E+02
      54    1.59526838E-05    6.91641764E-04    6.87920880E-04    3.71279655E+00   -1.35904416E-03    2.12568988E-12    3.08000000E+02
      55    1.59526838E-05    6.91641764E-04    6.87920880E-04    3.71279655E+00   -1.35904416E-03    2.12568988E-12    3.08000000E+02
      56    1.59526838E-05    6.91641764E-04    6.87920880E-04    3.71279655E+00   -1.35904416E-03    2.12568988E-12    3.08000000E+02
      57    1.69549050E-05    7.01692239E-04    6.97858627E-04    3.82599059E+00   -1.37821265E-03    2.55202377E-12    3.08000000E+02
      58    1.69549050E-05    7.01692239E-04    6.97858627E-04    3.82599059E+00   -1.37821265E-03    2.55202377E-12    3.08000000E+02
      59    1.69549050E-05    7.01692239E-04    6.97858627E-04    3.82599059E+00   -1.37821265E-03    2.55202377E-12    3.08000000E+02
      60    1.79569008E-05    7.10365433E-04    7.06433543E-04    3.92469353E+00   -1.39477676E-03    3.03174582E-12    3.08000000E+02
      61    1.79569008E-05    7.10365433E-04    7.06433543E-04    3.92469353E+00   -1.39477676E-03    3.03174582E-12    3.08000000E+02
      62    1.79569008E-05    7.10365433E-04    7.06433543E-04    3.92469353E+00   -1.39477676E-03    3.03174582E-12    3.08000000E+02
      63    1.89587029E-05    7.17900933E-04    7.13882909E-04    4.01121409E+00   -1.40918643E-03    3.56799712E-12    3.08000000E+02
      64    1.89587029E-05    7.17900933E-04    7.13882909E-04    4.01121409E+00   -1.40918643E-03    3.56799712E-12    3.08000000E+02
      65    1.89587029E-05    7.17900933E-04    7.13882909E-04    4.01121409E+00   -1.40918643E-03    3.56799712E-12    3.08000000E+02
      66    1.99603418E-05    7.24489193E-04    7.20395292E-04    4.08743990E+00   -1.42179978E-03    4.16392169E-12    3.08000000E+02
      67    1.99603418E-05    7.24489193E-04    7.20395292E-04    4.08743990E+00   -1.42179978E-03    4.16392169E-12    3.08000000E+02
      68    1.99603418E-05    7.24489193E-04    7.20395292E-04    4.08743990E+00   -1.42179978E-03    4.16392169E-12    3.08000000E+02
      69    2.09618378E-05    7.30282835E-04    7.26121772E-04    4.15491938E+00   -1.43290416E-03    4.82266065E-12    3.08000000E+02
      70    2.09618378E-05    7.30282835E-04    7.26121772E-04    4.15491938E+00   -1.43290416E-03    4.82266065E-12    3.08000000E+02
      71    2.19632094E-05    7.35405211E-04    7.31184428E-04    4.21492889E+00   -1.44273212E-03    5.54735601E-12    3.08000000E+02
      72    2.19632094E-05    7.35405211E-04    7.31184428E-04    4.21492889E+00   -1.44273212E-03    5.54735601E-12    3.08000000E+02
      73    2.29644716E-05    7.39956791E-04    7.35682674E-04    4.26852565E+00   -1.45147336E-03    6.34114973E-12    3.08000000E+02
      74    2.29644716E-05    7.39956791E-04    7.35682674E-04    4.26852565E+00   -1.45147336E-03    6.34114973E-12    3.08000000E+02
      75    2.39656376E-05    7.44020012E-04    7.39698070E-04    4.31658978E+00   -1.45928370E-03    7.20718377E-12    3.08000000E+02
      76    2.39656376E-05    7.44020012E-04    7.39698070E-04    4.31658978E+00   -1.45928370E-03    7.20718377E-12    3.08000000E+02
      77    2.49667162E-05    7.47662986E-04    7.43297995E-04    4.35985769E+00   -1.46629209E-03    8.14859828E-12    3.08000000E+02
      78    2.49667162E-05    7.47662986E-04    7.43297995E-04    4.35985769E+00   -1.46629209E-03    8.14859828E-12    3.08000000E+02
      79    2.59677205E-05    7.50942387E-04    7.46538505E-04    4.39894896E+00   -1.47260595E-03    9.16853858E-12    3.08000000E+02
      80    2.59677205E-05    7.50942387E-04    7.46538505E-04    4.39894896E+00   -1.47260595E-03    9.16853858E-12    3.08000000E+02
      81    2.61567629E-05    7.51524938E-04    7.47114133E-04    4.40590715E+00   -1.47372804E-03    9.37023794E-12    3.08000000E+02
      82    2.69686566E-05    7.53905635E-04    7.49466498E-04    4.43438704E+00   -1.47831525E-03    1.02701449E-11    3.08000000E+02
      83    2.79695313E-05    7.56592659E-04    7.52121461E-04    4.46661657E+00   -1.48349587E-03    1.14565592E-11    3.08000000E+02
      84    2.89703508E-05    7.59037270E-04    7.54536827E-04    4.49601692E+00   -1.48821209E-03    1.27309232E-11    3.08000000E+02
      85    2.99711184E-05    7.61268237E-04    7.56741041E-04    4.52291321E+00   -1.49251870E-03    1.40963763E-11    3.08000000E+02
      86    3.09718424E-05    7.63310182E-04    7.58758446E-04    4.54758539E+00   -1.49646262E-03    1.55560652E-11    3.08000000E+02
      87    3.19725248E-05    7.65184253E-04    7.60609949E-04    4.57027529E+00   -1.50008419E-03    1.71131294E-11    3.08000000E+02
      88    3.29731694E-05    7.66908708E-04    7.62313601E-04    4.59119281E+00   -1.50341827E-03    1.87707107E-11    3.08000000E+02
      89    3.39737793E-05    7.68499376E-04    7.63885046E-04    4.61052071E+00   -1.50649511E-03    2.05319509E-11    3.08000000E+02
      90    3.49743572E-05    7.69970030E-04    7.65337900E-04    4.62841878E+00   -1.50934104E-03    2.23999917E-11    3.08000000E+02
      91    3.59749057E-05    7.71332706E-04    7.66684060E-04    4.64502714E+00   -1.51197911E-03    2.43779750E-11    3.08000000E+02
      92    3.69754271E-05    7.72597955E-04    7.67933952E-04    4.66046912E+00   -1.51442951E-03    2.64690426E-11    3.08000000E+02
      93    3.79759198E-05    7.73775056E-04    7.69096749E-04    4.67485351E+00   -1.51671004E-03    2.86763279E-11    3.08000000E+02
      94    3.89763928E-05    7.74872210E-04    7.70180554E-04    4.68827680E+00   -1.51883641E-03    3.10029888E-11    3.08000000E+02
      95    3.99768441E-05    7.75896667E-04    7.71192535E-04    4.70082450E+00   -1.52082256E-03    3.34521592E-11    3.08000000E+02
      96    4.09772754E-05    7.76854871E-04    7.72139056E-04    4.71257283E+00   -1.52268083E-03    3.60269809E-11    3.08000000E+02
      97    6.82661240E-05    7.89895252E-04    7.85019302E-04    4.87363522E+00   -1.54803177E-03    1.66576745E-10    3.08000000E+02
      98    7.84989048E-05    7.91916094E-04    7.87015134E-04    4.89879433E+00   -1.55197182E-03    2.53273311E-10    3.08000000E+02
      99    8.97702975E-05    7.93464638E-04    7.88544476E-04    4.91811059E+00   -1.55499345E-03    3.78788363E-10    3.08000000E+02
     100    9.87687449E-05    7.94376996E-04    7.89445506E-04    4.92950647E+00   -1.55677474E-03    5.04495433E-10    3.08000000E+02
