 % Time.............:    7.3999999813167960E-004
 % Distribution.....:            0
 % Fluid flag.......:            0
 % Vaporization flag:            1
 % Temperature flag.:            1
 %    ID      Diameter         X position        Y position        X velocity       Y velocity           Mass            Temperature
       1    2.92652803E-06    1.21912624E-04    1.21912375E-04    8.07461507E-13   -2.49252548E-04    1.31237122E-14    2.84632966E+02
       2    3.92571856E-06    2.13261357E-04    2.13260908E-04    3.63534112E-07   -4.48455550E-04    3.16778805E-14    2.84643701E+02
       3    3.92571856E-06    2.13261357E-04    2.13260908E-04    3.63534112E-07   -4.48455550E-04    3.16778805E-14    2.84643701E+02
       4    4.92099722E-06    3.28353446E-04    3.28352610E-04    1.30026253E-04   -7.04454815E-04    6.23961788E-14    2.84767262E+02
       5    4.92099722E-06    3.28353446E-04    3.28352610E-04    1.30026253E-04   -7.04454815E-04    6.23961788E-14    2.84767262E+02
       6    4.92099722E-06    3.28353446E-04    3.28352610E-04    1.30026253E-04   -7.04454815E-04    6.23961788E-14    2.84767262E+02
       7    5.47862262E-06    4.02961035E-04    4.02959213E-04    9.39922522E-04   -8.72091579E-04    8.61019117E-14    2.84948912E+02
       8    5.91500514E-06    4.66159290E-04    4.66155218E-04    3.02912822E-03   -1.01405140E-03    1.08358756E-13    2.85158885E+02
       9    5.91500514E-06    4.66159290E-04    4.66155218E-04    3.02912822E-03   -1.01405140E-03    1.08358756E-13    2.85158885E+02
      10    5.91500514E-06    4.66159290E-04    4.66155218E-04    3.02912822E-03   -1.01405140E-03    1.08358756E-13    2.85158885E+02
      11    5.91500514E-06    4.66159290E-04    4.66155218E-04    3.02912822E-03   -1.01405140E-03    1.08358756E-13    2.85158885E+02
      12    6.90908332E-06    6.24133066E-04    6.24111694E-04    1.98644149E-02   -1.36496406E-03    1.72687111E-13    2.85840461E+02
      13    6.90908332E-06    6.24133066E-04    6.24111694E-04    1.98644149E-02   -1.36496406E-03    1.72687111E-13    2.85840461E+02
      14    6.90908332E-06    6.24133066E-04    6.24111694E-04    1.98644149E-02   -1.36496406E-03    1.72687111E-13    2.85840461E+02
      15    6.90908332E-06    6.24133066E-04    6.24111694E-04    1.98644149E-02   -1.36496406E-03    1.72687111E-13    2.85840461E+02
      16    6.90908332E-06    6.24133066E-04    6.24111694E-04    1.98644149E-02   -1.36496406E-03    1.72687111E-13    2.85840461E+02
      17    7.90381098E-06    7.96863530E-04    7.96794465E-04    6.69586714E-02   -1.73795735E-03    2.58528407E-13    2.86732133E+02
      18    7.90381098E-06    7.96863530E-04    7.96794465E-04    6.69586714E-02   -1.73795735E-03    2.58528407E-13    2.86732133E+02
      19    7.90381098E-06    7.96863530E-04    7.96794465E-04    6.69586714E-02   -1.73795735E-03    2.58528407E-13    2.86732133E+02
      20    7.90381098E-06    7.96863530E-04    7.96794465E-04    6.69586714E-02   -1.73795735E-03    2.58528407E-13    2.86732133E+02
      21    7.90381098E-06    7.96863530E-04    7.96794465E-04    6.69586714E-02   -1.73795735E-03    2.58528407E-13    2.86732133E+02
      22    8.89936815E-06    9.77024474E-04    9.76867595E-04    1.54088571E-01   -2.11388632E-03    3.69042305E-13    2.87742073E+02
      23    8.89936815E-06    9.77024474E-04    9.76867595E-04    1.54088571E-01   -2.11388632E-03    3.69042305E-13    2.87742073E+02
      24    8.89936815E-06    9.77024474E-04    9.76867595E-04    1.54088571E-01   -2.11388632E-03    3.69042305E-13    2.87742073E+02
      25    8.89936815E-06    9.77024474E-04    9.76867595E-04    1.54088571E-01   -2.11388632E-03    3.69042305E-13    2.87742073E+02
      26    8.89936815E-06    9.77024474E-04    9.76867595E-04    1.54088571E-01   -2.11388632E-03    3.69042305E-13    2.87742073E+02
      27    9.89575893E-06    1.15751480E-03    1.15723081E-03    2.80506045E-01   -2.47858213E-03    5.07394734E-13    2.88800271E+02
      28    9.89575893E-06    1.15751480E-03    1.15723081E-03    2.80506045E-01   -2.47858213E-03    5.07394734E-13    2.88800271E+02
      29    9.89575893E-06    1.15751480E-03    1.15723081E-03    2.80506045E-01   -2.47858213E-03    5.07394734E-13    2.88800271E+02
      30    9.89575893E-06    1.15751480E-03    1.15723081E-03    2.80506045E-01   -2.47858213E-03    5.07394734E-13    2.88800271E+02
      31    9.89575893E-06    1.15751480E-03    1.15723081E-03    2.80506045E-01   -2.47858213E-03    5.07394734E-13    2.88800271E+02
      32    1.08929211E-05    1.33282895E-03    1.33238620E-03    4.38597699E-01   -2.82346922E-03    6.76755375E-13    2.89860375E+02
      33    1.08929211E-05    1.33282895E-03    1.33238620E-03    4.38597699E-01   -2.82346922E-03    6.76755375E-13    2.89860375E+02
      34    1.08929211E-05    1.33282895E-03    1.33238620E-03    4.38597699E-01   -2.82346922E-03    6.76755375E-13    2.89860375E+02
      35    1.08929211E-05    1.33282895E-03    1.33238620E-03    4.38597699E-01   -2.82346922E-03    6.76755375E-13    2.89860375E+02
      36    1.08929211E-05    1.33282895E-03    1.33238620E-03    4.38597699E-01   -2.82346922E-03    6.76755375E-13    2.89860375E+02
      37    1.18907664E-05    1.49935440E-03    1.49873114E-03    6.18512011E-01   -3.14430141E-03    8.80294878E-13    2.90893775E+02
      38    1.18907664E-05    1.49935440E-03    1.49873114E-03    6.18512011E-01   -3.14430141E-03    8.80294878E-13    2.90893775E+02
      39    1.18907664E-05    1.49935440E-03    1.49873114E-03    6.18512011E-01   -3.14430141E-03    8.80294878E-13    2.90893775E+02
      40    1.18907664E-05    1.49935440E-03    1.49873114E-03    6.18512011E-01   -3.14430141E-03    8.80294878E-13    2.90893775E+02
      41    1.28892027E-05    1.65509182E-03    1.65427556E-03    8.10994178E-01   -3.43968450E-03    1.12118374E-12    2.91883836E+02
      42    1.28892027E-05    1.65509182E-03    1.65427556E-03    8.10994178E-01   -3.43968450E-03    1.12118374E-12    2.91883836E+02
      43    1.28892027E-05    1.65509182E-03    1.65427556E-03    8.10994178E-01   -3.43968450E-03    1.12118374E-12    2.91883836E+02
      44    1.28892027E-05    1.65509182E-03    1.65427556E-03    8.10994178E-01   -3.43968450E-03    1.12118374E-12    2.91883836E+02
      45    1.38881456E-05    1.79921682E-03    1.79820257E-03    1.00853259E+00   -3.70993080E-03    1.40259219E-12    2.92821706E+02
      46    1.38881456E-05    1.79921682E-03    1.79820257E-03    1.00853259E+00   -3.70993080E-03    1.40259219E-12    2.92821706E+02
      47    1.38881456E-05    1.79921682E-03    1.79820257E-03    1.00853259E+00   -3.70993080E-03    1.40259219E-12    2.92821706E+02
      48    1.38881456E-05    1.79921682E-03    1.79820257E-03    1.00853259E+00   -3.70993080E-03    1.40259219E-12    2.92821706E+02
      49    1.48875155E-05    1.93167923E-03    1.93046760E-03    1.20554098E+00   -3.95628946E-03    1.72768799E-12    2.93703486E+02
      50    1.48875155E-05    1.93167923E-03    1.93046760E-03    1.20554098E+00   -3.95628946E-03    1.72768799E-12    2.93703486E+02
      51    1.48875155E-05    1.93167923E-03    1.93046760E-03    1.20554098E+00   -3.95628946E-03    1.72768799E-12    2.93703486E+02
      52    1.48875155E-05    1.93167923E-03    1.93046760E-03    1.20554098E+00   -3.95628946E-03    1.72768799E-12    2.93703486E+02
      53    1.49987212E-05    1.94571026E-03    1.94447689E-03    1.22724231E+00   -3.98229272E-03    1.76669397E-12    2.93798064E+02
      54    1.58872455E-05    2.05290030E-03    2.05149578E-03    1.39812894E+00   -4.18046875E-03    2.09963816E-12    2.94528396E+02
      55    1.58872455E-05    2.05290030E-03    2.05149578E-03    1.39812894E+00   -4.18046875E-03    2.09963816E-12    2.94528396E+02
      56    1.58872455E-05    2.05290030E-03    2.05149578E-03    1.39812894E+00   -4.18046875E-03    2.09963816E-12    2.94528396E+02
      57    1.58872455E-05    2.05290030E-03    2.05149578E-03    1.39812894E+00   -4.18046875E-03    2.09963816E-12    2.94528396E+02
      58    1.68872751E-05    2.16356112E-03    2.16197072E-03    1.58375052E+00   -4.38434773E-03    2.52160683E-12    2.95297562E+02
      59    1.68872751E-05    2.16356112E-03    2.16197072E-03    1.58375052E+00   -4.38434773E-03    2.52160683E-12    2.95297562E+02
      60    1.68872751E-05    2.16356112E-03    2.16197072E-03    1.58375052E+00   -4.38434773E-03    2.52160683E-12    2.95297562E+02
      61    1.78875531E-05    2.26446519E-03    2.26269746E-03    1.76086585E+00   -4.56981247E-03    2.99675641E-12    2.96013245E+02
      62    1.78875531E-05    2.26446519E-03    2.26269746E-03    1.76086585E+00   -4.56981247E-03    2.99675641E-12    2.96013245E+02
      63    1.78875531E-05    2.26446519E-03    2.26269746E-03    1.76086585E+00   -4.56981247E-03    2.99675641E-12    2.96013245E+02
      64    1.88880338E-05    2.35645207E-03    2.35451638E-03    1.92865776E+00   -4.73866557E-03    3.52824625E-12    2.96678332E+02
      65    1.88880338E-05    2.35645207E-03    2.35451638E-03    1.92865776E+00   -4.73866557E-03    3.52824625E-12    2.96678332E+02
      66    1.88880338E-05    2.35645207E-03    2.35451638E-03    1.92865776E+00   -4.73866557E-03    3.52824625E-12    2.96678332E+02
      67    1.98886837E-05    2.44034679E-03    2.43825280E-03    2.08681357E+00   -4.89258257E-03    4.11923679E-12    2.97296013E+02
      68    1.98886837E-05    2.44034679E-03    2.43825280E-03    2.08681357E+00   -4.89258257E-03    4.11923679E-12    2.97296013E+02
      69    1.98886837E-05    2.44034679E-03    2.43825280E-03    2.08681357E+00   -4.89258257E-03    4.11923679E-12    2.97296013E+02
      70    2.08894695E-05    2.51693019E-03    2.51468754E-03    2.23536013E+00   -5.03309194E-03    4.77288386E-12    2.97869570E+02
      71    2.08894695E-05    2.51693019E-03    2.51468754E-03    2.23536013E+00   -5.03309194E-03    4.77288386E-12    2.97869570E+02
      72    2.18903646E-05    2.58692536E-03    2.58454343E-03    2.37454686E+00   -5.16157341E-03    5.49234259E-12    2.98402242E+02
      73    2.18903646E-05    2.58692536E-03    2.58454343E-03    2.37454686E+00   -5.16157341E-03    5.49234259E-12    2.98402242E+02
      74    2.28913466E-05    2.65099198E-03    2.64847975E-03    2.50476154E+00   -5.27926325E-03    6.28076664E-12    2.98897154E+02
      75    2.28913466E-05    2.65099198E-03    2.64847975E-03    2.50476154E+00   -5.27926325E-03    6.28076664E-12    2.98897154E+02
      76    2.38923967E-05    2.70972606E-03    2.70709206E-03    2.62647180E+00   -5.38726413E-03    7.14130835E-12    2.99357264E+02
      77    2.38923967E-05    2.70972606E-03    2.70709206E-03    2.62647180E+00   -5.38726413E-03    7.14130835E-12    2.99357264E+02
      78    2.48934973E-05    2.76366262E-03    2.76091486E-03    2.74018457E+00   -5.48655674E-03    8.07711713E-12    2.99785339E+02
      79    2.48934973E-05    2.76366262E-03    2.76091486E-03    2.74018457E+00   -5.48655674E-03    8.07711713E-12    2.99785339E+02
      80    2.58946388E-05    2.81328029E-03    2.81042625E-03    2.84641978E+00   -5.57801266E-03    9.09134646E-12    3.00183953E+02
      81    2.58946388E-05    2.81328029E-03    2.81042625E-03    2.84641978E+00   -5.57801266E-03    9.09134646E-12    3.00183953E+02
      82    2.68958084E-05    2.85900569E-03    2.85605236E-03    2.94569119E+00   -5.66240513E-03    1.01871439E-11    3.00555480E+02
      83    2.78969968E-05    2.90121893E-03    2.89817277E-03    3.03849583E+00   -5.74042084E-03    1.13676578E-11    3.00902103E+02
      84    2.88981963E-05    2.94025839E-03    2.93712539E-03    3.12530688E+00   -5.81266986E-03    1.26360357E-11    3.01225823E+02
      85    2.98993988E-05    2.97642528E-03    2.97321101E-03    3.20656968E+00   -5.87969452E-03    1.39954221E-11    3.01528470E+02
      86    3.09006026E-05    3.00998814E-03    3.00669773E-03    3.28270070E+00   -5.94197803E-03    1.54489682E-11    3.01811719E+02
      87    3.19018016E-05    3.04118621E-03    3.03782441E-03    3.35408629E+00   -5.99995083E-03    1.69998177E-11    3.02077096E+02
      88    3.29029923E-05    3.07023313E-03    3.06680433E-03    3.42108395E+00   -6.05399735E-03    1.86511159E-11    3.02325995E+02
      89    3.39041717E-05    3.09731984E-03    3.09382810E-03    3.48402331E+00   -6.10446141E-03    2.04060078E-11    3.02559686E+02
      90    3.49053375E-05    3.12261727E-03    3.11906634E-03    3.54320773E+00   -6.15165098E-03    2.22676383E-11    3.02779331E+02
      91    3.59064878E-05    3.14627865E-03    3.14267201E-03    3.59891595E+00   -6.19584243E-03    2.42391516E-11    3.02985987E+02
      92    3.69076212E-05    3.16844157E-03    3.16478245E-03    3.65140386E+00   -6.23728417E-03    2.63236919E-11    3.03180623E+02
      93    3.79087329E-05    3.18922970E-03    3.18552108E-03    3.70090609E+00   -6.27619974E-03    2.85243949E-11    3.03364121E+02
      94    3.89098293E-05    3.20875468E-03    3.20499934E-03    3.74763839E+00   -6.31279116E-03    3.08444202E-11    3.03537292E+02
      95    3.99109061E-05    3.22711704E-03    3.22331753E-03    3.79179820E+00   -6.34724059E-03    3.32869036E-11    3.03700873E+02
      96    4.09119629E-05    3.24440769E-03    3.24056643E-03    3.83356688E+00   -6.37971300E-03    3.58549884E-11    3.03855543E+02
      97    5.18613735E-05    3.38227580E-03    3.37809510E-03    4.17307365E+00   -6.63990628E-03    7.30349401E-11    3.05109890E+02
      98    5.40482368E-05    3.40176041E-03    3.39753082E-03    4.22198321E+00   -6.67687808E-03    8.26691032E-11    3.05289944E+02
      99    6.94202299E-05    3.49707505E-03    3.49260296E-03    4.46457254E+00   -6.85854854E-03    1.75168809E-10    3.06178114E+02
     100    8.18299380E-05    3.54249334E-03    3.53790374E-03    4.58213287E+00   -6.94563731E-03    2.86903140E-10    3.06603657E+02
