 % Time.............:    1.4999999962128641E-004
 % Distribution.....:            0
 % Fluid flag.......:            0
 % Vaporization flag:            1
 % Temperature flag.:   -1.32555305E+24
 %    ID      Diameter         X position        Y position        X velocity       Y velocity           Mass            Temperature
       1    2.82599761E-06    1.20562295E-04    1.20552328E-04    9.32067833E-03   -2.35003212E-04    1.18171841E-14    3.08000000E+02
       2    3.35861499E-06    1.62195730E-04    1.62141567E-04    5.22187931E-02   -3.25171376E-04    1.98371510E-14    3.08000000E+02
       3    3.86462084E-06    2.04832958E-04    2.04681343E-04    1.47737979E-01   -4.14978536E-04    3.02217291E-14    3.08000000E+02
       4    3.86462084E-06    2.04832958E-04    2.04681343E-04    1.47737979E-01   -4.14978536E-04    3.02217291E-14    3.08000000E+02
       5    4.88736279E-06    2.90897612E-04    2.90385271E-04    5.04234354E-01   -5.89443770E-04    6.11254922E-14    3.08000000E+02
       6    4.88736279E-06    2.90897612E-04    2.90385271E-04    5.04234354E-01   -5.89443770E-04    6.11254922E-14    3.08000000E+02
       7    4.88736279E-06    2.90897612E-04    2.90385271E-04    5.04234354E-01   -5.89443770E-04    6.11254922E-14    3.08000000E+02
       8    5.90276503E-06    3.66756724E-04    3.65767343E-04    9.78370779E-01   -7.37918447E-04    1.07687457E-13    3.08000000E+02
       9    5.90276503E-06    3.66756724E-04    3.65767343E-04    9.78370779E-01   -7.37918447E-04    1.07687457E-13    3.08000000E+02
      10    5.90276503E-06    3.66756724E-04    3.65767343E-04    9.78370779E-01   -7.37918447E-04    1.07687457E-13    3.08000000E+02
      11    5.90276503E-06    3.66756724E-04    3.65767343E-04    9.78370779E-01   -7.37918447E-04    1.07687457E-13    3.08000000E+02
      12    6.91405388E-06    4.29243194E-04    4.27766900E-04    1.46390021E+00   -8.57947104E-04    1.73060085E-13    3.08000000E+02
      13    6.91405388E-06    4.29243194E-04    4.27766900E-04    1.46390021E+00   -8.57947104E-04    1.73060085E-13    3.08000000E+02
      14    6.91405388E-06    4.29243194E-04    4.27766900E-04    1.46390021E+00   -8.57947104E-04    1.73060085E-13    3.08000000E+02
      15    6.91405388E-06    4.29243194E-04    4.27766900E-04    1.46390021E+00   -8.57947104E-04    1.73060085E-13    3.08000000E+02
      16    6.91405388E-06    4.29243194E-04    4.27766900E-04    1.46390021E+00   -8.57947104E-04    1.73060085E-13    3.08000000E+02
      17    7.92275123E-06    4.79442912E-04    4.77521667E-04    1.90850027E+00   -9.53500744E-04    2.60391434E-13    3.08000000E+02
      18    7.92275123E-06    4.79442912E-04    4.77521667E-04    1.90850027E+00   -9.53500744E-04    2.60391434E-13    3.08000000E+02
      19    7.92275123E-06    4.79442912E-04    4.77521667E-04    1.90850027E+00   -9.53500744E-04    2.60391434E-13    3.08000000E+02
      20    7.92275123E-06    4.79442912E-04    4.77521667E-04    1.90850027E+00   -9.53500744E-04    2.60391434E-13    3.08000000E+02
      21    7.92275123E-06    4.79442912E-04    4.77521667E-04    1.90850027E+00   -9.53500744E-04    2.60391434E-13    3.08000000E+02
      22    8.92968830E-06    5.19570739E-04    5.17262442E-04    2.29578957E+00   -1.02958485E-03    3.72827152E-13    3.08000000E+02
      23    8.92968830E-06    5.19570739E-04    5.17262442E-04    2.29578957E+00   -1.02958485E-03    3.72827152E-13    3.08000000E+02
      24    8.92968830E-06    5.19570739E-04    5.17262442E-04    2.29578957E+00   -1.02958485E-03    3.72827152E-13    3.08000000E+02
      25    8.92968830E-06    5.19570739E-04    5.17262442E-04    2.29578957E+00   -1.02958485E-03    3.72827152E-13    3.08000000E+02
      26    8.92968830E-06    5.19570739E-04    5.17262442E-04    2.29578957E+00   -1.02958485E-03    3.72827152E-13    3.08000000E+02
      27    9.93536428E-06    5.51779858E-04    5.49141992E-04    2.62589264E+00   -1.09058322E-03    5.13511318E-13    3.08000000E+02
      28    9.93536428E-06    5.51779858E-04    5.49141992E-04    2.62589264E+00   -1.09058322E-03    5.13511318E-13    3.08000000E+02
      29    9.93536428E-06    5.51779858E-04    5.49141992E-04    2.62589264E+00   -1.09058322E-03    5.13511318E-13    3.08000000E+02
      30    9.93536428E-06    5.51779858E-04    5.49141992E-04    2.62589264E+00   -1.09058322E-03    5.13511318E-13    3.08000000E+02
      31    9.93536428E-06    5.51779858E-04    5.49141992E-04    2.62589264E+00   -1.09058322E-03    5.13511318E-13    3.08000000E+02
      32    1.09401041E-05    5.77843693E-04    5.74927370E-04    2.90501186E+00   -1.13995617E-03    6.85587672E-13    3.08000000E+02
      33    1.09401041E-05    5.77843693E-04    5.74927370E-04    2.90501186E+00   -1.13995617E-03    6.85587672E-13    3.08000000E+02
      34    1.09401041E-05    5.77843693E-04    5.74927370E-04    2.90501186E+00   -1.13995617E-03    6.85587672E-13    3.08000000E+02
      35    1.09401041E-05    5.77843693E-04    5.74927370E-04    2.90501186E+00   -1.13995617E-03    6.85587672E-13    3.08000000E+02
      36    1.09401041E-05    5.77843693E-04    5.74927370E-04    2.90501186E+00   -1.13995617E-03    6.85587672E-13    3.08000000E+02
      37    1.19441263E-05    5.99139519E-04    5.95988114E-04    3.14078999E+00   -1.18033674E-03    8.92199123E-13    3.08000000E+02
      38    1.19441263E-05    5.99139519E-04    5.95988114E-04    3.14078999E+00   -1.18033674E-03    8.92199123E-13    3.08000000E+02
      39    1.19441263E-05    5.99139519E-04    5.95988114E-04    3.14078999E+00   -1.18033674E-03    8.92199123E-13    3.08000000E+02
      40    1.19441263E-05    5.99139519E-04    5.95988114E-04    3.14078999E+00   -1.18033674E-03    8.92199123E-13    3.08000000E+02
      41    1.29475847E-05    6.16714804E-04    6.13364381E-04    3.34048801E+00   -1.21370694E-03    1.13648816E-12    3.08000000E+02
      42    1.29475847E-05    6.16714804E-04    6.13364381E-04    3.34048801E+00   -1.21370694E-03    1.13648816E-12    3.08000000E+02
      43    1.29475847E-05    6.16714804E-04    6.13364381E-04    3.34048801E+00   -1.21370694E-03    1.13648816E-12    3.08000000E+02
      44    1.29475847E-05    6.16714804E-04    6.13364381E-04    3.34048801E+00   -1.21370694E-03    1.13648816E-12    3.08000000E+02
      45    1.39505939E-05    6.31362473E-04    6.27842784E-04    3.51039555E+00   -1.24155943E-03    1.42159774E-12    3.08000000E+02
      46    1.39505939E-05    6.31362473E-04    6.27842784E-04    3.51039555E+00   -1.24155943E-03    1.42159774E-12    3.08000000E+02
      47    1.39505939E-05    6.31362473E-04    6.27842784E-04    3.51039555E+00   -1.24155943E-03    1.42159774E-12    3.08000000E+02
      48    1.39505939E-05    6.31362473E-04    6.27842784E-04    3.51039555E+00   -1.24155943E-03    1.42159774E-12    3.08000000E+02
      49    1.49532363E-05    6.43684475E-04    6.40020032E-04    3.65574336E+00   -1.26502484E-03    1.75066973E-12    3.08000000E+02
      50    1.49532363E-05    6.43684475E-04    6.40020032E-04    3.65574336E+00   -1.26502484E-03    1.75066973E-12    3.08000000E+02
      51    1.49532363E-05    6.43684475E-04    6.40020032E-04    3.65574336E+00   -1.26502484E-03    1.75066973E-12    3.08000000E+02
      52    1.49532363E-05    6.43684475E-04    6.40020032E-04    3.65574336E+00   -1.26502484E-03    1.75066973E-12    3.08000000E+02
      53    1.59555779E-05    6.54140951E-04    6.50351990E-04    3.78080319E+00   -1.28496682E-03    2.12684701E-12    3.08000000E+02
      54    1.59555779E-05    6.54140951E-04    6.50351990E-04    3.78080319E+00   -1.28496682E-03    2.12684701E-12    3.08000000E+02
      55    1.59555779E-05    6.54140951E-04    6.50351990E-04    3.78080319E+00   -1.28496682E-03    2.12684701E-12    3.08000000E+02
      56    1.59555779E-05    6.54140951E-04    6.50351990E-04    3.78080319E+00   -1.28496682E-03    2.12684701E-12    3.08000000E+02
      57    1.69576677E-05    6.63086579E-04    6.59189876E-04    3.88903679E+00   -1.30205131E-03    2.55327150E-12    3.08000000E+02
      58    1.69576677E-05    6.63086579E-04    6.59189876E-04    3.88903679E+00   -1.30205131E-03    2.55327150E-12    3.08000000E+02
      59    1.69576677E-05    6.63086579E-04    6.59189876E-04    3.88903679E+00   -1.30205131E-03    2.55327150E-12    3.08000000E+02
      60    1.79595451E-05    6.70797310E-04    6.66806844E-04    3.98324539E+00   -1.31679684E-03    3.03308533E-12    3.08000000E+02
      61    1.79595451E-05    6.70797310E-04    6.66806844E-04    3.98324539E+00   -1.31679684E-03    3.03308533E-12    3.08000000E+02
      62    1.79595451E-05    6.70797310E-04    6.66806844E-04    3.98324539E+00   -1.31679684E-03    3.03308533E-12    3.08000000E+02
      63    1.89612397E-05    6.77489847E-04    6.73417329E-04    4.06569923E+00   -1.32961105E-03    3.56942957E-12    3.08000000E+02
      64    1.89612397E-05    6.77489847E-04    6.73417329E-04    4.06569923E+00   -1.32961105E-03    3.56942957E-12    3.08000000E+02
      65    1.89612397E-05    6.77489847E-04    6.73417329E-04    4.06569923E+00   -1.32961105E-03    3.56942957E-12    3.08000000E+02
      66    1.99627806E-05    6.83335985E-04    6.79191285E-04    4.13824531E+00   -1.34081756E-03    4.16544820E-12    3.08000000E+02
      67    1.99627806E-05    6.83335985E-04    6.79191285E-04    4.13824531E+00   -1.34081756E-03    4.16544820E-12    3.08000000E+02
      68    1.99627806E-05    6.83335985E-04    6.79191285E-04    4.13824531E+00   -1.34081756E-03    4.16544820E-12    3.08000000E+02
      69    2.09641871E-05    6.88473075E-04    6.84264557E-04    4.20239248E+00   -1.35067544E-03    4.82428231E-12    3.08000000E+02
      70    2.09641871E-05    6.88473075E-04    6.84264557E-04    4.20239248E+00   -1.35067544E-03    4.82428231E-12    3.08000000E+02
      71    2.19654763E-05    6.93011907E-04    6.88746699E-04    4.25938018E+00   -1.35939394E-03    5.54907388E-12    3.08000000E+02
      72    2.19654763E-05    6.93011907E-04    6.88746699E-04    4.25938018E+00   -1.35939394E-03    5.54907388E-12    3.08000000E+02
      73    2.29666626E-05    6.97042558E-04    6.92726769E-04    4.31023195E+00   -1.36714343E-03    6.34296485E-12    3.08000000E+02
      74    2.29666626E-05    6.97042558E-04    6.92726769E-04    4.31023195E+00   -1.36714343E-03    6.34296485E-12    3.08000000E+02
      75    2.39677582E-05    7.00638829E-04    6.96277721E-04    4.35579773E+00   -1.37406370E-03    7.20909717E-12    3.08000000E+02
      76    2.39677582E-05    7.00638829E-04    6.96277721E-04    4.35579773E+00   -1.37406370E-03    7.20909717E-12    3.08000000E+02
      77    2.49687716E-05    7.03861613E-04    6.99459741E-04    4.39678709E+00   -1.38027021E-03    8.15061094E-12    3.08000000E+02
      78    2.49687716E-05    7.03861613E-04    6.99459741E-04    4.39678709E+00   -1.38027021E-03    8.15061094E-12    3.08000000E+02
      79    2.59697151E-05    7.06761520E-04    7.02322844E-04    4.43379581E+00   -1.38585905E-03    9.17065148E-12    3.08000000E+02
      80    2.59697151E-05    7.06761520E-04    7.02322844E-04    4.43379581E+00   -1.38585905E-03    9.17065148E-12    3.08000000E+02
      81    2.61587465E-05    7.07276535E-04    7.02831310E-04    4.44038094E+00   -1.38685203E-03    9.37236988E-12    3.08000000E+02
      82    2.69705944E-05    7.09380847E-04    7.04908828E-04    4.46732642E+00   -1.39091064E-03    1.02723590E-11    3.08000000E+02
      83    2.79714161E-05    7.11755180E-04    7.07252854E-04    4.49780509E+00   -1.39549268E-03    1.14588754E-11    3.08000000E+02
      84    2.89721858E-05    7.13914622E-04    7.09384665E-04    4.52559496E+00   -1.39966253E-03    1.27333425E-11    3.08000000E+02
      85    2.99729066E-05    7.15884770E-04    7.11329548E-04    4.55100681E+00   -1.40346900E-03    1.40988996E-11    3.08000000E+02
      86    3.09735865E-05    7.17687517E-04    7.13109128E-04    4.57430798E+00   -1.40695387E-03    1.55586934E-11    3.08000000E+02
      87    3.19742273E-05    7.19341651E-04    7.14741966E-04    4.59572918E+00   -1.41015305E-03    1.71158633E-11    3.08000000E+02
      88    3.29748326E-05    7.20863387E-04    7.16244076E-04    4.61547043E+00   -1.41309753E-03    1.87735512E-11    3.08000000E+02
      89    3.39754052E-05    7.22266773E-04    7.17629334E-04    4.63370578E+00   -1.41581420E-03    2.05348989E-11    3.08000000E+02
      90    3.49759478E-05    7.23564027E-04    7.18909807E-04    4.65058726E+00   -1.41832645E-03    2.24030480E-11    3.08000000E+02
      91    3.59764627E-05    7.24765822E-04    7.20096033E-04    4.66624812E+00   -1.42065474E-03    2.43811405E-11    3.08000000E+02
      92    3.69769522E-05    7.25881508E-04    7.21197249E-04    4.68080552E+00   -1.42281701E-03    2.64723180E-11    3.08000000E+02
      93    3.79774145E-05    7.26919306E-04    7.22221571E-04    4.69436279E+00   -1.42482902E-03    2.86797141E-11    3.08000000E+02
      94    3.89778585E-05    7.27886481E-04    7.23176173E-04    4.70701151E+00   -1.42670472E-03    3.10064865E-11    3.08000000E+02
      95    3.99782822E-05    7.28789450E-04    7.24067393E-04    4.71883279E+00   -1.42845646E-03    3.34557693E-11    3.08000000E+02
      96    4.09786869E-05    7.29633917E-04    7.24900860E-04    4.72989889E+00   -1.43009519E-03    3.60307042E-11    3.08000000E+02
      97    6.82670914E-05    7.41116181E-04    7.36232556E-04    4.88140481E+00   -1.45242794E-03    1.66583826E-10    3.08000000E+02
      98    7.84997790E-05    7.42893828E-04    7.37986721E-04    4.90503652E+00   -1.45589492E-03    2.53281773E-10    3.08000000E+02
      99    8.97710915E-05    7.44255691E-04    7.39330562E-04    4.92317366E+00   -1.45855299E-03    3.78798413E-10    3.08000000E+02
     100    9.87694867E-05    7.45057930E-04    7.40122171E-04    4.93387124E+00   -1.46011964E-03    5.04506800E-10    3.08000000E+02
