 % Time.............:    3.9999999899009708E-005
 % Distribution.....:            0
 % Fluid flag.......:            0
 % Vaporization flag:            1
  %     ID      Diameter         X position        Y position         X velocity       Y velocity
       1    1.99999999E-06    4.41365575E-05    4.40882063E-05    4.25827935E-02   -3.89880387E-04
       2    1.99999999E-06    4.41365575E-05    4.40882063E-05    4.25827935E-02   -3.89880387E-04
       3    1.99999999E-06    4.41365575E-05    4.40882063E-05    4.25827935E-02   -3.89880387E-04
       4    1.99999999E-06    4.41365575E-05    4.40882063E-05    4.25827935E-02   -3.89880387E-04
       5    1.99999999E-06    4.41365575E-05    4.40882063E-05    4.25827935E-02   -3.89880387E-04
       6    3.00000011E-06    8.72450204E-05    8.65660335E-05    6.44728869E-01   -3.91847210E-04
       7    3.00000011E-06    8.72450204E-05    8.65660335E-05    6.44728869E-01   -3.91847210E-04
       8    3.00000011E-06    8.72450204E-05    8.65660335E-05    6.44728869E-01   -3.91847210E-04
       9    3.00000011E-06    8.72450204E-05    8.65660335E-05    6.44728869E-01   -3.91847210E-04
      10    3.00000011E-06    8.72450204E-05    8.65660335E-05    6.44728869E-01   -3.91847210E-04
      11    3.00000011E-06    8.72450204E-05    8.65660335E-05    6.44728869E-01   -3.91847210E-04
      12    3.00000011E-06    8.72450204E-05    8.65660335E-05    6.44728869E-01   -3.91847210E-04
      13    3.00000011E-06    8.72450204E-05    8.65660335E-05    6.44728869E-01   -3.91847210E-04
      14    3.00000011E-06    8.72450204E-05    8.65660335E-05    6.44728869E-01   -3.91847210E-04
      15    3.00000011E-06    8.72450204E-05    8.65660335E-05    6.44728869E-01   -3.91847210E-04
      16    3.00000011E-06    8.72450204E-05    8.65660335E-05    6.44728869E-01   -3.91847210E-04
      17    3.00000011E-06    8.72450204E-05    8.65660335E-05    6.44728869E-01   -3.91847210E-04
      18    3.00000011E-06    8.72450204E-05    8.65660335E-05    6.44728869E-01   -3.91847210E-04
      19    3.00000011E-06    8.72450204E-05    8.65660335E-05    6.44728869E-01   -3.91847210E-04
      20    3.99999999E-06    1.21073332E-04    1.19426456E-04    1.60026078E+00   -3.91916937E-04
      21    3.99999999E-06    1.21073332E-04    1.19426456E-04    1.60026078E+00   -3.91916937E-04
      22    3.99999999E-06    1.21073332E-04    1.19426456E-04    1.60026078E+00   -3.91916937E-04
      23    3.99999999E-06    1.21073332E-04    1.19426456E-04    1.60026078E+00   -3.91916937E-04
      24    3.99999999E-06    1.21073332E-04    1.19426456E-04    1.60026078E+00   -3.91916937E-04
      25    3.99999999E-06    1.21073332E-04    1.19426456E-04    1.60026078E+00   -3.91916937E-04
      26    3.99999999E-06    1.21073332E-04    1.19426456E-04    1.60026078E+00   -3.91916937E-04
      27    3.99999999E-06    1.21073332E-04    1.19426456E-04    1.60026078E+00   -3.91916937E-04
      28    3.99999999E-06    1.21073332E-04    1.19426456E-04    1.60026078E+00   -3.91916937E-04
      29    3.99999999E-06    1.21073332E-04    1.19426456E-04    1.60026078E+00   -3.91916937E-04
      30    3.99999999E-06    1.21073332E-04    1.19426456E-04    1.60026078E+00   -3.91916937E-04
      31    3.99999999E-06    1.21073332E-04    1.19426456E-04    1.60026078E+00   -3.91916937E-04
      32    3.99999999E-06    1.21073332E-04    1.19426456E-04    1.60026078E+00   -3.91916937E-04
      33    3.99999999E-06    1.21073332E-04    1.19426456E-04    1.60026078E+00   -3.91916937E-04
      34    3.99999999E-06    1.21073332E-04    1.19426456E-04    1.60026078E+00   -3.91916937E-04
      35    3.99999999E-06    1.21073332E-04    1.19426456E-04    1.60026078E+00   -3.91916937E-04
      36    3.99999999E-06    1.21073332E-04    1.19426456E-04    1.60026078E+00   -3.91916937E-04
      37    3.99999999E-06    1.21073332E-04    1.19426456E-04    1.60026078E+00   -3.91916937E-04
      38    3.99999999E-06    1.21073332E-04    1.19426456E-04    1.60026078E+00   -3.91916937E-04
      39    3.99999999E-06    1.21073332E-04    1.19426456E-04    1.60026078E+00   -3.91916937E-04
      40    3.99999999E-06    1.21073332E-04    1.19426456E-04    1.60026078E+00   -3.91916937E-04
      41    3.99999999E-06    1.21073332E-04    1.19426456E-04    1.60026078E+00   -3.91916937E-04
      42    3.99999999E-06    1.21073332E-04    1.19426456E-04    1.60026078E+00   -3.91916937E-04
      43    3.99999999E-06    1.21073332E-04    1.19426456E-04    1.60026078E+00   -3.91916937E-04
      44    3.99999999E-06    1.21073332E-04    1.19426456E-04    1.60026078E+00   -3.91916937E-04
      45    4.99999987E-06    1.43524695E-04    1.41059325E-04    2.42068883E+00   -3.91931021E-04
      46    4.99999987E-06    1.43524695E-04    1.41059325E-04    2.42068883E+00   -3.91931021E-04
      47    4.99999987E-06    1.43524695E-04    1.41059325E-04    2.42068883E+00   -3.91931021E-04
      48    4.99999987E-06    1.43524695E-04    1.41059325E-04    2.42068883E+00   -3.91931021E-04
      49    4.99999987E-06    1.43524695E-04    1.41059325E-04    2.42068883E+00   -3.91931021E-04
      50    4.99999987E-06    1.43524695E-04    1.41059325E-04    2.42068883E+00   -3.91931021E-04
      51    4.99999987E-06    1.43524695E-04    1.41059325E-04    2.42068883E+00   -3.91931021E-04
      52    4.99999987E-06    1.43524695E-04    1.41059325E-04    2.42068883E+00   -3.91931021E-04
      53    4.99999987E-06    1.43524695E-04    1.41059325E-04    2.42068883E+00   -3.91931021E-04
      54    4.99999987E-06    1.43524695E-04    1.41059325E-04    2.42068883E+00   -3.91931021E-04
      55    4.99999987E-06    1.43524695E-04    1.41059325E-04    2.42068883E+00   -3.91931021E-04
      56    4.99999987E-06    1.43524695E-04    1.41059325E-04    2.42068883E+00   -3.91931021E-04
      57    4.99999987E-06    1.43524695E-04    1.41059325E-04    2.42068883E+00   -3.91931021E-04
      58    4.99999987E-06    1.43524695E-04    1.41059325E-04    2.42068883E+00   -3.91931021E-04
      59    4.99999987E-06    1.43524695E-04    1.41059325E-04    2.42068883E+00   -3.91931021E-04
      60    4.99999987E-06    1.43524695E-04    1.41059325E-04    2.42068883E+00   -3.91931021E-04
      61    4.99999987E-06    1.43524695E-04    1.41059325E-04    2.42068883E+00   -3.91931021E-04
      62    4.99999987E-06    1.43524695E-04    1.41059325E-04    2.42068883E+00   -3.91931021E-04
      63    4.99999987E-06    1.43524695E-04    1.41059325E-04    2.42068883E+00   -3.91931021E-04
      64    4.99999987E-06    1.43524695E-04    1.41059325E-04    2.42068883E+00   -3.91931021E-04
      65    4.99999987E-06    1.43524695E-04    1.41059325E-04    2.42068883E+00   -3.91931021E-04
      66    4.99999987E-06    1.43524695E-04    1.41059325E-04    2.42068883E+00   -3.91931021E-04
      67    4.99999987E-06    1.43524695E-04    1.41059325E-04    2.42068883E+00   -3.91931021E-04
      68    4.99999987E-06    1.43524695E-04    1.41059325E-04    2.42068883E+00   -3.91931021E-04
      69    4.99999987E-06    1.43524695E-04    1.41059325E-04    2.42068883E+00   -3.91931021E-04
      70    4.99999987E-06    1.43524695E-04    1.41059325E-04    2.42068883E+00   -3.91931021E-04
      71    4.99999987E-06    1.43524695E-04    1.41059325E-04    2.42068883E+00   -3.91931021E-04
      72    4.99999987E-06    1.43524695E-04    1.41059325E-04    2.42068883E+00   -3.91931021E-04
      73    4.99999987E-06    1.43524695E-04    1.41059325E-04    2.42068883E+00   -3.91931021E-04
      74    4.99999987E-06    1.43524695E-04    1.41059325E-04    2.42068883E+00   -3.91931021E-04
      75    4.99999987E-06    1.43524695E-04    1.41059325E-04    2.42068883E+00   -3.91931021E-04
      76    4.99999987E-06    1.43524695E-04    1.41059325E-04    2.42068883E+00   -3.91931021E-04
      77    4.99999987E-06    1.43524695E-04    1.41059325E-04    2.42068883E+00   -3.91931021E-04
      78    4.99999987E-06    1.43524695E-04    1.41059325E-04    2.42068883E+00   -3.91931021E-04
      79    6.00000021E-06    1.58208203E-04    1.55144023E-04    3.02556174E+00   -3.91936090E-04
      80    6.00000021E-06    1.58208203E-04    1.55144023E-04    3.02556174E+00   -3.91936090E-04
      81    6.00000021E-06    1.58208203E-04    1.55144023E-04    3.02556174E+00   -3.91936090E-04
      82    6.00000021E-06    1.58208203E-04    1.55144023E-04    3.02556174E+00   -3.91936090E-04
      83    6.00000021E-06    1.58208203E-04    1.55144023E-04    3.02556174E+00   -3.91936090E-04
      84    6.00000021E-06    1.58208203E-04    1.55144023E-04    3.02556174E+00   -3.91936090E-04
      85    6.00000021E-06    1.58208203E-04    1.55144023E-04    3.02556174E+00   -3.91936090E-04
      86    6.00000021E-06    1.58208203E-04    1.55144023E-04    3.02556174E+00   -3.91936090E-04
      87    6.00000021E-06    1.58208203E-04    1.55144023E-04    3.02556174E+00   -3.91936090E-04
      88    6.00000021E-06    1.58208203E-04    1.55144023E-04    3.02556174E+00   -3.91936090E-04
      89    6.00000021E-06    1.58208203E-04    1.55144023E-04    3.02556174E+00   -3.91936090E-04
      90    6.00000021E-06    1.58208203E-04    1.55144023E-04    3.02556174E+00   -3.91936090E-04
      91    6.00000021E-06    1.58208203E-04    1.55144023E-04    3.02556174E+00   -3.91936090E-04
      92    6.00000021E-06    1.58208203E-04    1.55144023E-04    3.02556174E+00   -3.91936090E-04
      93    6.00000021E-06    1.58208203E-04    1.55144023E-04    3.02556174E+00   -3.91936090E-04
      94    6.00000021E-06    1.58208203E-04    1.55144023E-04    3.02556174E+00   -3.91936090E-04
      95    6.00000021E-06    1.58208203E-04    1.55144023E-04    3.02556174E+00   -3.91936090E-04
      96    6.00000021E-06    1.58208203E-04    1.55144023E-04    3.02556174E+00   -3.91936090E-04
      97    6.00000021E-06    1.58208203E-04    1.55144023E-04    3.02556174E+00   -3.91936090E-04
      98    6.00000021E-06    1.58208203E-04    1.55144023E-04    3.02556174E+00   -3.91936090E-04
      99    6.00000021E-06    1.58208203E-04    1.55144023E-04    3.02556174E+00   -3.91936090E-04
     100    6.00000021E-06    1.58208203E-04    1.55144023E-04    3.02556174E+00   -3.91936090E-04
     101    6.00000021E-06    1.58208203E-04    1.55144023E-04    3.02556174E+00   -3.91936090E-04
     102    6.00000021E-06    1.58208203E-04    1.55144023E-04    3.02556174E+00   -3.91936090E-04
     103    6.00000021E-06    1.58208203E-04    1.55144023E-04    3.02556174E+00   -3.91936090E-04
     104    6.00000021E-06    1.58208203E-04    1.55144023E-04    3.02556174E+00   -3.91936090E-04
     105    6.00000021E-06    1.58208203E-04    1.55144023E-04    3.02556174E+00   -3.91936090E-04
     106    6.00000021E-06    1.58208203E-04    1.55144023E-04    3.02556174E+00   -3.91936090E-04
     107    6.00000021E-06    1.58208203E-04    1.55144023E-04    3.02556174E+00   -3.91936090E-04
     108    6.00000021E-06    1.58208203E-04    1.55144023E-04    3.02556174E+00   -3.91936090E-04
     109    6.00000021E-06    1.58208203E-04    1.55144023E-04    3.02556174E+00   -3.91936090E-04
     110    6.00000021E-06    1.58208203E-04    1.55144023E-04    3.02556174E+00   -3.91936090E-04
     111    6.00000021E-06    1.58208203E-04    1.55144023E-04    3.02556174E+00   -3.91936090E-04
     112    6.00000021E-06    1.58208203E-04    1.55144023E-04    3.02556174E+00   -3.91936090E-04
     113    6.00000021E-06    1.58208203E-04    1.55144023E-04    3.02556174E+00   -3.91936090E-04
     114    6.00000021E-06    1.58208203E-04    1.55144023E-04    3.02556174E+00   -3.91936090E-04
     115    6.00000021E-06    1.58208203E-04    1.55144023E-04    3.02556174E+00   -3.91936090E-04
     116    6.00000021E-06    1.58208203E-04    1.55144023E-04    3.02556174E+00   -3.91936090E-04
     117    6.00000021E-06    1.58208203E-04    1.55144023E-04    3.02556174E+00   -3.91936090E-04
     118    6.00000021E-06    1.58208203E-04    1.55144023E-04    3.02556174E+00   -3.91936090E-04
     119    6.00000021E-06    1.58208203E-04    1.55144023E-04    3.02556174E+00   -3.91936090E-04
     120    7.00000010E-06    1.68063875E-04    1.64572458E-04    3.45902578E+00   -3.91938500E-04
     121    7.00000010E-06    1.68063875E-04    1.64572458E-04    3.45902578E+00   -3.91938500E-04
     122    7.00000010E-06    1.68063875E-04    1.64572458E-04    3.45902578E+00   -3.91938500E-04
     123    7.00000010E-06    1.68063875E-04    1.64572458E-04    3.45902578E+00   -3.91938500E-04
     124    7.00000010E-06    1.68063875E-04    1.64572458E-04    3.45902578E+00   -3.91938500E-04
     125    7.00000010E-06    1.68063875E-04    1.64572458E-04    3.45902578E+00   -3.91938500E-04
     126    7.00000010E-06    1.68063875E-04    1.64572458E-04    3.45902578E+00   -3.91938500E-04
     127    7.00000010E-06    1.68063875E-04    1.64572458E-04    3.45902578E+00   -3.91938500E-04
     128    7.00000010E-06    1.68063875E-04    1.64572458E-04    3.45902578E+00   -3.91938500E-04
     129    7.00000010E-06    1.68063875E-04    1.64572458E-04    3.45902578E+00   -3.91938500E-04
     130    7.00000010E-06    1.68063875E-04    1.64572458E-04    3.45902578E+00   -3.91938500E-04
     131    7.00000010E-06    1.68063875E-04    1.64572458E-04    3.45902578E+00   -3.91938500E-04
     132    7.00000010E-06    1.68063875E-04    1.64572458E-04    3.45902578E+00   -3.91938500E-04
     133    7.00000010E-06    1.68063875E-04    1.64572458E-04    3.45902578E+00   -3.91938500E-04
     134    7.00000010E-06    1.68063875E-04    1.64572458E-04    3.45902578E+00   -3.91938500E-04
     135    7.00000010E-06    1.68063875E-04    1.64572458E-04    3.45902578E+00   -3.91938500E-04
     136    7.00000010E-06    1.68063875E-04    1.64572458E-04    3.45902578E+00   -3.91938500E-04
     137    7.00000010E-06    1.68063875E-04    1.64572458E-04    3.45902578E+00   -3.91938500E-04
     138    7.00000010E-06    1.68063875E-04    1.64572458E-04    3.45902578E+00   -3.91938500E-04
     139    7.00000010E-06    1.68063875E-04    1.64572458E-04    3.45902578E+00   -3.91938500E-04
     140    7.00000010E-06    1.68063875E-04    1.64572458E-04    3.45902578E+00   -3.91938500E-04
     141    7.00000010E-06    1.68063875E-04    1.64572458E-04    3.45902578E+00   -3.91938500E-04
     142    7.00000010E-06    1.68063875E-04    1.64572458E-04    3.45902578E+00   -3.91938500E-04
     143    7.00000010E-06    1.68063875E-04    1.64572458E-04    3.45902578E+00   -3.91938500E-04
     144    7.00000010E-06    1.68063875E-04    1.64572458E-04    3.45902578E+00   -3.91938500E-04
     145    7.00000010E-06    1.68063875E-04    1.64572458E-04    3.45902578E+00   -3.91938500E-04
     146    7.00000010E-06    1.68063875E-04    1.64572458E-04    3.45902578E+00   -3.91938500E-04
     147    7.00000010E-06    1.68063875E-04    1.64572458E-04    3.45902578E+00   -3.91938500E-04
     148    7.00000010E-06    1.68063875E-04    1.64572458E-04    3.45902578E+00   -3.91938500E-04
     149    7.00000010E-06    1.68063875E-04    1.64572458E-04    3.45902578E+00   -3.91938500E-04
     150    7.00000010E-06    1.68063875E-04    1.64572458E-04    3.45902578E+00   -3.91938500E-04
     151    7.00000010E-06    1.68063875E-04    1.64572458E-04    3.45902578E+00   -3.91938500E-04
     152    7.00000010E-06    1.68063875E-04    1.64572458E-04    3.45902578E+00   -3.91938500E-04
     153    7.00000010E-06    1.68063875E-04    1.64572458E-04    3.45902578E+00   -3.91938500E-04
     154    7.00000010E-06    1.68063875E-04    1.64572458E-04    3.45902578E+00   -3.91938500E-04
     155    7.00000010E-06    1.68063875E-04    1.64572458E-04    3.45902578E+00   -3.91938500E-04
     156    7.00000010E-06    1.68063875E-04    1.64572458E-04    3.45902578E+00   -3.91938500E-04
     157    7.00000010E-06    1.68063875E-04    1.64572458E-04    3.45902578E+00   -3.91938500E-04
     158    7.00000010E-06    1.68063875E-04    1.64572458E-04    3.45902578E+00   -3.91938500E-04
     159    7.00000010E-06    1.68063875E-04    1.64572458E-04    3.45902578E+00   -3.91938500E-04
     160    7.00000010E-06    1.68063875E-04    1.64572458E-04    3.45902578E+00   -3.91938500E-04
     161    7.00000010E-06    1.68063875E-04    1.64572458E-04    3.45902578E+00   -3.91938500E-04
     162    7.00000010E-06    1.68063875E-04    1.64572458E-04    3.45902578E+00   -3.91938500E-04
     163    7.00000010E-06    1.68063875E-04    1.64572458E-04    3.45902578E+00   -3.91938500E-04
     164    7.00000010E-06    1.68063875E-04    1.64572458E-04    3.45902578E+00   -3.91938500E-04
     165    7.99999998E-06    1.74906043E-04    1.71106834E-04    3.77215955E+00   -3.91939846E-04
     166    7.99999998E-06    1.74906043E-04    1.71106834E-04    3.77215955E+00   -3.91939846E-04
     167    7.99999998E-06    1.74906043E-04    1.71106834E-04    3.77215955E+00   -3.91939846E-04
     168    7.99999998E-06    1.74906043E-04    1.71106834E-04    3.77215955E+00   -3.91939846E-04
     169    7.99999998E-06    1.74906043E-04    1.71106834E-04    3.77215955E+00   -3.91939846E-04
     170    7.99999998E-06    1.74906043E-04    1.71106834E-04    3.77215955E+00   -3.91939846E-04
     171    7.99999998E-06    1.74906043E-04    1.71106834E-04    3.77215955E+00   -3.91939846E-04
     172    7.99999998E-06    1.74906043E-04    1.71106834E-04    3.77215955E+00   -3.91939846E-04
     173    7.99999998E-06    1.74906043E-04    1.71106834E-04    3.77215955E+00   -3.91939846E-04
     174    7.99999998E-06    1.74906043E-04    1.71106834E-04    3.77215955E+00   -3.91939846E-04
     175    7.99999998E-06    1.74906043E-04    1.71106834E-04    3.77215955E+00   -3.91939846E-04
     176    7.99999998E-06    1.74906043E-04    1.71106834E-04    3.77215955E+00   -3.91939846E-04
     177    7.99999998E-06    1.74906043E-04    1.71106834E-04    3.77215955E+00   -3.91939846E-04
     178    7.99999998E-06    1.74906043E-04    1.71106834E-04    3.77215955E+00   -3.91939846E-04
     179    7.99999998E-06    1.74906043E-04    1.71106834E-04    3.77215955E+00   -3.91939846E-04
     180    7.99999998E-06    1.74906043E-04    1.71106834E-04    3.77215955E+00   -3.91939846E-04
     181    7.99999998E-06    1.74906043E-04    1.71106834E-04    3.77215955E+00   -3.91939846E-04
     182    7.99999998E-06    1.74906043E-04    1.71106834E-04    3.77215955E+00   -3.91939846E-04
     183    7.99999998E-06    1.74906043E-04    1.71106834E-04    3.77215955E+00   -3.91939846E-04
     184    7.99999998E-06    1.74906043E-04    1.71106834E-04    3.77215955E+00   -3.91939846E-04
     185    7.99999998E-06    1.74906043E-04    1.71106834E-04    3.77215955E+00   -3.91939846E-04
     186    7.99999998E-06    1.74906043E-04    1.71106834E-04    3.77215955E+00   -3.91939846E-04
     187    7.99999998E-06    1.74906043E-04    1.71106834E-04    3.77215955E+00   -3.91939846E-04
     188    7.99999998E-06    1.74906043E-04    1.71106834E-04    3.77215955E+00   -3.91939846E-04
     189    7.99999998E-06    1.74906043E-04    1.71106834E-04    3.77215955E+00   -3.91939846E-04
     190    7.99999998E-06    1.74906043E-04    1.71106834E-04    3.77215955E+00   -3.91939846E-04
     191    7.99999998E-06    1.74906043E-04    1.71106834E-04    3.77215955E+00   -3.91939846E-04
     192    7.99999998E-06    1.74906043E-04    1.71106834E-04    3.77215955E+00   -3.91939846E-04
     193    7.99999998E-06    1.74906043E-04    1.71106834E-04    3.77215955E+00   -3.91939846E-04
     194    7.99999998E-06    1.74906043E-04    1.71106834E-04    3.77215955E+00   -3.91939846E-04
     195    7.99999998E-06    1.74906043E-04    1.71106834E-04    3.77215955E+00   -3.91939846E-04
     196    7.99999998E-06    1.74906043E-04    1.71106834E-04    3.77215955E+00   -3.91939846E-04
     197    7.99999998E-06    1.74906043E-04    1.71106834E-04    3.77215955E+00   -3.91939846E-04
     198    7.99999998E-06    1.74906043E-04    1.71106834E-04    3.77215955E+00   -3.91939846E-04
     199    7.99999998E-06    1.74906043E-04    1.71106834E-04    3.77215955E+00   -3.91939846E-04
     200    7.99999998E-06    1.74906043E-04    1.71106834E-04    3.77215955E+00   -3.91939846E-04
     201    7.99999998E-06    1.74906043E-04    1.71106834E-04    3.77215955E+00   -3.91939846E-04
     202    7.99999998E-06    1.74906043E-04    1.71106834E-04    3.77215955E+00   -3.91939846E-04
     203    7.99999998E-06    1.74906043E-04    1.71106834E-04    3.77215955E+00   -3.91939846E-04
     204    7.99999998E-06    1.74906043E-04    1.71106834E-04    3.77215955E+00   -3.91939846E-04
     205    7.99999998E-06    1.74906043E-04    1.71106834E-04    3.77215955E+00   -3.91939846E-04
     206    7.99999998E-06    1.74906043E-04    1.71106834E-04    3.77215955E+00   -3.91939846E-04
     207    7.99999998E-06    1.74906043E-04    1.71106834E-04    3.77215955E+00   -3.91939846E-04
     208    7.99999998E-06    1.74906043E-04    1.71106834E-04    3.77215955E+00   -3.91939846E-04
     209    7.99999998E-06    1.74906043E-04    1.71106834E-04    3.77215955E+00   -3.91939846E-04
     210    7.99999998E-06    1.74906043E-04    1.71106834E-04    3.77215955E+00   -3.91939846E-04
     211    7.99999998E-06    1.74906043E-04    1.71106834E-04    3.77215955E+00   -3.91939846E-04
     212    7.99999998E-06    1.74906043E-04    1.71106834E-04    3.77215955E+00   -3.91939846E-04
     213    9.00000032E-06    1.79812856E-04    1.75787511E-04    4.00263808E+00   -3.91940680E-04
     214    9.00000032E-06    1.79812856E-04    1.75787511E-04    4.00263808E+00   -3.91940680E-04
     215    9.00000032E-06    1.79812856E-04    1.75787511E-04    4.00263808E+00   -3.91940680E-04
     216    9.00000032E-06    1.79812856E-04    1.75787511E-04    4.00263808E+00   -3.91940680E-04
     217    9.00000032E-06    1.79812856E-04    1.75787511E-04    4.00263808E+00   -3.91940680E-04
     218    9.00000032E-06    1.79812856E-04    1.75787511E-04    4.00263808E+00   -3.91940680E-04
     219    9.00000032E-06    1.79812856E-04    1.75787511E-04    4.00263808E+00   -3.91940680E-04
     220    9.00000032E-06    1.79812856E-04    1.75787511E-04    4.00263808E+00   -3.91940680E-04
     221    9.00000032E-06    1.79812856E-04    1.75787511E-04    4.00263808E+00   -3.91940680E-04
     222    9.00000032E-06    1.79812856E-04    1.75787511E-04    4.00263808E+00   -3.91940680E-04
     223    9.00000032E-06    1.79812856E-04    1.75787511E-04    4.00263808E+00   -3.91940680E-04
     224    9.00000032E-06    1.79812856E-04    1.75787511E-04    4.00263808E+00   -3.91940680E-04
     225    9.00000032E-06    1.79812856E-04    1.75787511E-04    4.00263808E+00   -3.91940680E-04
     226    9.00000032E-06    1.79812856E-04    1.75787511E-04    4.00263808E+00   -3.91940680E-04
     227    9.00000032E-06    1.79812856E-04    1.75787511E-04    4.00263808E+00   -3.91940680E-04
     228    9.00000032E-06    1.79812856E-04    1.75787511E-04    4.00263808E+00   -3.91940680E-04
     229    9.00000032E-06    1.79812856E-04    1.75787511E-04    4.00263808E+00   -3.91940680E-04
     230    9.00000032E-06    1.79812856E-04    1.75787511E-04    4.00263808E+00   -3.91940680E-04
     231    9.00000032E-06    1.79812856E-04    1.75787511E-04    4.00263808E+00   -3.91940680E-04
     232    9.00000032E-06    1.79812856E-04    1.75787511E-04    4.00263808E+00   -3.91940680E-04
     233    9.00000032E-06    1.79812856E-04    1.75787511E-04    4.00263808E+00   -3.91940680E-04
     234    9.00000032E-06    1.79812856E-04    1.75787511E-04    4.00263808E+00   -3.91940680E-04
     235    9.00000032E-06    1.79812856E-04    1.75787511E-04    4.00263808E+00   -3.91940680E-04
     236    9.00000032E-06    1.79812856E-04    1.75787511E-04    4.00263808E+00   -3.91940680E-04
     237    9.00000032E-06    1.79812856E-04    1.75787511E-04    4.00263808E+00   -3.91940680E-04
     238    9.00000032E-06    1.79812856E-04    1.75787511E-04    4.00263808E+00   -3.91940680E-04
     239    9.00000032E-06    1.79812856E-04    1.75787511E-04    4.00263808E+00   -3.91940680E-04
     240    9.00000032E-06    1.79812856E-04    1.75787511E-04    4.00263808E+00   -3.91940680E-04
     241    9.00000032E-06    1.79812856E-04    1.75787511E-04    4.00263808E+00   -3.91940680E-04
     242    9.00000032E-06    1.79812856E-04    1.75787511E-04    4.00263808E+00   -3.91940680E-04
     243    9.00000032E-06    1.79812856E-04    1.75787511E-04    4.00263808E+00   -3.91940680E-04
     244    9.00000032E-06    1.79812856E-04    1.75787511E-04    4.00263808E+00   -3.91940680E-04
     245    9.00000032E-06    1.79812856E-04    1.75787511E-04    4.00263808E+00   -3.91940680E-04
     246    9.00000032E-06    1.79812856E-04    1.75787511E-04    4.00263808E+00   -3.91940680E-04
     247    9.00000032E-06    1.79812856E-04    1.75787511E-04    4.00263808E+00   -3.91940680E-04
     248    9.00000032E-06    1.79812856E-04    1.75787511E-04    4.00263808E+00   -3.91940680E-04
     249    9.00000032E-06    1.79812856E-04    1.75787511E-04    4.00263808E+00   -3.91940680E-04
     250    9.00000032E-06    1.79812856E-04    1.75787511E-04    4.00263808E+00   -3.91940680E-04
     251    9.00000032E-06    1.79812856E-04    1.75787511E-04    4.00263808E+00   -3.91940680E-04
     252    9.00000032E-06    1.79812856E-04    1.75787511E-04    4.00263808E+00   -3.91940680E-04
     253    9.00000032E-06    1.79812856E-04    1.75787511E-04    4.00263808E+00   -3.91940680E-04
     254    9.00000032E-06    1.79812856E-04    1.75787511E-04    4.00263808E+00   -3.91940680E-04
     255    9.00000032E-06    1.79812856E-04    1.75787511E-04    4.00263808E+00   -3.91940680E-04
     256    9.00000032E-06    1.79812856E-04    1.75787511E-04    4.00263808E+00   -3.91940680E-04
     257    9.00000032E-06    1.79812856E-04    1.75787511E-04    4.00263808E+00   -3.91940680E-04
     258    9.00000032E-06    1.79812856E-04    1.75787511E-04    4.00263808E+00   -3.91940680E-04
     259    9.00000032E-06    1.79812856E-04    1.75787511E-04    4.00263808E+00   -3.91940680E-04
     260    9.00000032E-06    1.79812856E-04    1.75787511E-04    4.00263808E+00   -3.91940680E-04
     261    9.99999975E-06    1.83435096E-04    1.79240005E-04    4.17586275E+00   -3.91941236E-04
     262    9.99999975E-06    1.83435096E-04    1.79240005E-04    4.17586275E+00   -3.91941236E-04
     263    9.99999975E-06    1.83435096E-04    1.79240005E-04    4.17586275E+00   -3.91941236E-04
     264    9.99999975E-06    1.83435096E-04    1.79240005E-04    4.17586275E+00   -3.91941236E-04
     265    9.99999975E-06    1.83435096E-04    1.79240005E-04    4.17586275E+00   -3.91941236E-04
     266    9.99999975E-06    1.83435096E-04    1.79240005E-04    4.17586275E+00   -3.91941236E-04
     267    9.99999975E-06    1.83435096E-04    1.79240005E-04    4.17586275E+00   -3.91941236E-04
     268    9.99999975E-06    1.83435096E-04    1.79240005E-04    4.17586275E+00   -3.91941236E-04
     269    9.99999975E-06    1.83435096E-04    1.79240005E-04    4.17586275E+00   -3.91941236E-04
     270    9.99999975E-06    1.83435096E-04    1.79240005E-04    4.17586275E+00   -3.91941236E-04
     271    9.99999975E-06    1.83435096E-04    1.79240005E-04    4.17586275E+00   -3.91941236E-04
     272    9.99999975E-06    1.83435096E-04    1.79240005E-04    4.17586275E+00   -3.91941236E-04
     273    9.99999975E-06    1.83435096E-04    1.79240005E-04    4.17586275E+00   -3.91941236E-04
     274    9.99999975E-06    1.83435096E-04    1.79240005E-04    4.17586275E+00   -3.91941236E-04
     275    9.99999975E-06    1.83435096E-04    1.79240005E-04    4.17586275E+00   -3.91941236E-04
     276    9.99999975E-06    1.83435096E-04    1.79240005E-04    4.17586275E+00   -3.91941236E-04
     277    9.99999975E-06    1.83435096E-04    1.79240005E-04    4.17586275E+00   -3.91941236E-04
     278    9.99999975E-06    1.83435096E-04    1.79240005E-04    4.17586275E+00   -3.91941236E-04
     279    9.99999975E-06    1.83435096E-04    1.79240005E-04    4.17586275E+00   -3.91941236E-04
     280    9.99999975E-06    1.83435096E-04    1.79240005E-04    4.17586275E+00   -3.91941236E-04
     281    9.99999975E-06    1.83435096E-04    1.79240005E-04    4.17586275E+00   -3.91941236E-04
     282    9.99999975E-06    1.83435096E-04    1.79240005E-04    4.17586275E+00   -3.91941236E-04
     283    9.99999975E-06    1.83435096E-04    1.79240005E-04    4.17586275E+00   -3.91941236E-04
     284    9.99999975E-06    1.83435096E-04    1.79240005E-04    4.17586275E+00   -3.91941236E-04
     285    9.99999975E-06    1.83435096E-04    1.79240005E-04    4.17586275E+00   -3.91941236E-04
     286    9.99999975E-06    1.83435096E-04    1.79240005E-04    4.17586275E+00   -3.91941236E-04
     287    9.99999975E-06    1.83435096E-04    1.79240005E-04    4.17586275E+00   -3.91941236E-04
     288    9.99999975E-06    1.83435096E-04    1.79240005E-04    4.17586275E+00   -3.91941236E-04
     289    9.99999975E-06    1.83435096E-04    1.79240005E-04    4.17586275E+00   -3.91941236E-04
     290    9.99999975E-06    1.83435096E-04    1.79240005E-04    4.17586275E+00   -3.91941236E-04
     291    9.99999975E-06    1.83435096E-04    1.79240005E-04    4.17586275E+00   -3.91941236E-04
     292    9.99999975E-06    1.83435096E-04    1.79240005E-04    4.17586275E+00   -3.91941236E-04
     293    9.99999975E-06    1.83435096E-04    1.79240005E-04    4.17586275E+00   -3.91941236E-04
     294    9.99999975E-06    1.83435096E-04    1.79240005E-04    4.17586275E+00   -3.91941236E-04
     295    9.99999975E-06    1.83435096E-04    1.79240005E-04    4.17586275E+00   -3.91941236E-04
     296    9.99999975E-06    1.83435096E-04    1.79240005E-04    4.17586275E+00   -3.91941236E-04
     297    9.99999975E-06    1.83435096E-04    1.79240005E-04    4.17586275E+00   -3.91941236E-04
     298    9.99999975E-06    1.83435096E-04    1.79240005E-04    4.17586275E+00   -3.91941236E-04
     299    9.99999975E-06    1.83435096E-04    1.79240005E-04    4.17586275E+00   -3.91941236E-04
     300    9.99999975E-06    1.83435096E-04    1.79240005E-04    4.17586275E+00   -3.91941236E-04
     301    9.99999975E-06    1.83435096E-04    1.79240005E-04    4.17586275E+00   -3.91941236E-04
     302    9.99999975E-06    1.83435096E-04    1.79240005E-04    4.17586275E+00   -3.91941236E-04
     303    9.99999975E-06    1.83435096E-04    1.79240005E-04    4.17586275E+00   -3.91941236E-04
     304    9.99999975E-06    1.83435096E-04    1.79240005E-04    4.17586275E+00   -3.91941236E-04
     305    9.99999975E-06    1.83435096E-04    1.79240005E-04    4.17586275E+00   -3.91941236E-04
     306    9.99999975E-06    1.83435096E-04    1.79240005E-04    4.17586275E+00   -3.91941236E-04
     307    9.99999975E-06    1.83435096E-04    1.79240005E-04    4.17586275E+00   -3.91941236E-04
     308    9.99999975E-06    1.83435096E-04    1.79240005E-04    4.17586275E+00   -3.91941236E-04
     309    1.10000001E-05    1.86177362E-04    1.81852209E-04    4.30871268E+00   -3.91941626E-04
     310    1.10000001E-05    1.86177362E-04    1.81852209E-04    4.30871268E+00   -3.91941626E-04
     311    1.10000001E-05    1.86177362E-04    1.81852209E-04    4.30871268E+00   -3.91941626E-04
     312    1.10000001E-05    1.86177362E-04    1.81852209E-04    4.30871268E+00   -3.91941626E-04
     313    1.10000001E-05    1.86177362E-04    1.81852209E-04    4.30871268E+00   -3.91941626E-04
     314    1.10000001E-05    1.86177362E-04    1.81852209E-04    4.30871268E+00   -3.91941626E-04
     315    1.10000001E-05    1.86177362E-04    1.81852209E-04    4.30871268E+00   -3.91941626E-04
     316    1.10000001E-05    1.86177362E-04    1.81852209E-04    4.30871268E+00   -3.91941626E-04
     317    1.10000001E-05    1.86177362E-04    1.81852209E-04    4.30871268E+00   -3.91941626E-04
     318    1.10000001E-05    1.86177362E-04    1.81852209E-04    4.30871268E+00   -3.91941626E-04
     319    1.10000001E-05    1.86177362E-04    1.81852209E-04    4.30871268E+00   -3.91941626E-04
     320    1.10000001E-05    1.86177362E-04    1.81852209E-04    4.30871268E+00   -3.91941626E-04
     321    1.10000001E-05    1.86177362E-04    1.81852209E-04    4.30871268E+00   -3.91941626E-04
     322    1.10000001E-05    1.86177362E-04    1.81852209E-04    4.30871268E+00   -3.91941626E-04
     323    1.10000001E-05    1.86177362E-04    1.81852209E-04    4.30871268E+00   -3.91941626E-04
     324    1.10000001E-05    1.86177362E-04    1.81852209E-04    4.30871268E+00   -3.91941626E-04
     325    1.10000001E-05    1.86177362E-04    1.81852209E-04    4.30871268E+00   -3.91941626E-04
     326    1.10000001E-05    1.86177362E-04    1.81852209E-04    4.30871268E+00   -3.91941626E-04
     327    1.10000001E-05    1.86177362E-04    1.81852209E-04    4.30871268E+00   -3.91941626E-04
     328    1.10000001E-05    1.86177362E-04    1.81852209E-04    4.30871268E+00   -3.91941626E-04
     329    1.10000001E-05    1.86177362E-04    1.81852209E-04    4.30871268E+00   -3.91941626E-04
     330    1.10000001E-05    1.86177362E-04    1.81852209E-04    4.30871268E+00   -3.91941626E-04
     331    1.10000001E-05    1.86177362E-04    1.81852209E-04    4.30871268E+00   -3.91941626E-04
     332    1.10000001E-05    1.86177362E-04    1.81852209E-04    4.30871268E+00   -3.91941626E-04
     333    1.10000001E-05    1.86177362E-04    1.81852209E-04    4.30871268E+00   -3.91941626E-04
     334    1.10000001E-05    1.86177362E-04    1.81852209E-04    4.30871268E+00   -3.91941626E-04
     335    1.10000001E-05    1.86177362E-04    1.81852209E-04    4.30871268E+00   -3.91941626E-04
     336    1.10000001E-05    1.86177362E-04    1.81852209E-04    4.30871268E+00   -3.91941626E-04
     337    1.10000001E-05    1.86177362E-04    1.81852209E-04    4.30871268E+00   -3.91941626E-04
     338    1.10000001E-05    1.86177362E-04    1.81852209E-04    4.30871268E+00   -3.91941626E-04
     339    1.10000001E-05    1.86177362E-04    1.81852209E-04    4.30871268E+00   -3.91941626E-04
     340    1.10000001E-05    1.86177362E-04    1.81852209E-04    4.30871268E+00   -3.91941626E-04
     341    1.10000001E-05    1.86177362E-04    1.81852209E-04    4.30871268E+00   -3.91941626E-04
     342    1.10000001E-05    1.86177362E-04    1.81852209E-04    4.30871268E+00   -3.91941626E-04
     343    1.10000001E-05    1.86177362E-04    1.81852209E-04    4.30871268E+00   -3.91941626E-04
     344    1.10000001E-05    1.86177362E-04    1.81852209E-04    4.30871268E+00   -3.91941626E-04
     345    1.10000001E-05    1.86177362E-04    1.81852209E-04    4.30871268E+00   -3.91941626E-04
     346    1.10000001E-05    1.86177362E-04    1.81852209E-04    4.30871268E+00   -3.91941626E-04
     347    1.10000001E-05    1.86177362E-04    1.81852209E-04    4.30871268E+00   -3.91941626E-04
     348    1.10000001E-05    1.86177362E-04    1.81852209E-04    4.30871268E+00   -3.91941626E-04
     349    1.10000001E-05    1.86177362E-04    1.81852209E-04    4.30871268E+00   -3.91941626E-04
     350    1.10000001E-05    1.86177362E-04    1.81852209E-04    4.30871268E+00   -3.91941626E-04
     351    1.10000001E-05    1.86177362E-04    1.81852209E-04    4.30871268E+00   -3.91941626E-04
     352    1.10000001E-05    1.86177362E-04    1.81852209E-04    4.30871268E+00   -3.91941626E-04
     353    1.10000001E-05    1.86177362E-04    1.81852209E-04    4.30871268E+00   -3.91941626E-04
     354    1.10000001E-05    1.86177362E-04    1.81852209E-04    4.30871268E+00   -3.91941626E-04
     355    1.10000001E-05    1.86177362E-04    1.81852209E-04    4.30871268E+00   -3.91941626E-04
     356    1.20000004E-05    1.88299308E-04    1.83872609E-04    4.41250619E+00   -3.91941912E-04
     357    1.20000004E-05    1.88299308E-04    1.83872609E-04    4.41250619E+00   -3.91941912E-04
     358    1.20000004E-05    1.88299308E-04    1.83872609E-04    4.41250619E+00   -3.91941912E-04
     359    1.20000004E-05    1.88299308E-04    1.83872609E-04    4.41250619E+00   -3.91941912E-04
     360    1.20000004E-05    1.88299308E-04    1.83872609E-04    4.41250619E+00   -3.91941912E-04
     361    1.20000004E-05    1.88299308E-04    1.83872609E-04    4.41250619E+00   -3.91941912E-04
     362    1.20000004E-05    1.88299308E-04    1.83872609E-04    4.41250619E+00   -3.91941912E-04
     363    1.20000004E-05    1.88299308E-04    1.83872609E-04    4.41250619E+00   -3.91941912E-04
     364    1.20000004E-05    1.88299308E-04    1.83872609E-04    4.41250619E+00   -3.91941912E-04
     365    1.20000004E-05    1.88299308E-04    1.83872609E-04    4.41250619E+00   -3.91941912E-04
     366    1.20000004E-05    1.88299308E-04    1.83872609E-04    4.41250619E+00   -3.91941912E-04
     367    1.20000004E-05    1.88299308E-04    1.83872609E-04    4.41250619E+00   -3.91941912E-04
     368    1.20000004E-05    1.88299308E-04    1.83872609E-04    4.41250619E+00   -3.91941912E-04
     369    1.20000004E-05    1.88299308E-04    1.83872609E-04    4.41250619E+00   -3.91941912E-04
     370    1.20000004E-05    1.88299308E-04    1.83872609E-04    4.41250619E+00   -3.91941912E-04
     371    1.20000004E-05    1.88299308E-04    1.83872609E-04    4.41250619E+00   -3.91941912E-04
     372    1.20000004E-05    1.88299308E-04    1.83872609E-04    4.41250619E+00   -3.91941912E-04
     373    1.20000004E-05    1.88299308E-04    1.83872609E-04    4.41250619E+00   -3.91941912E-04
     374    1.20000004E-05    1.88299308E-04    1.83872609E-04    4.41250619E+00   -3.91941912E-04
     375    1.20000004E-05    1.88299308E-04    1.83872609E-04    4.41250619E+00   -3.91941912E-04
     376    1.20000004E-05    1.88299308E-04    1.83872609E-04    4.41250619E+00   -3.91941912E-04
     377    1.20000004E-05    1.88299308E-04    1.83872609E-04    4.41250619E+00   -3.91941912E-04
     378    1.20000004E-05    1.88299308E-04    1.83872609E-04    4.41250619E+00   -3.91941912E-04
     379    1.20000004E-05    1.88299308E-04    1.83872609E-04    4.41250619E+00   -3.91941912E-04
     380    1.20000004E-05    1.88299308E-04    1.83872609E-04    4.41250619E+00   -3.91941912E-04
     381    1.20000004E-05    1.88299308E-04    1.83872609E-04    4.41250619E+00   -3.91941912E-04
     382    1.20000004E-05    1.88299308E-04    1.83872609E-04    4.41250619E+00   -3.91941912E-04
     383    1.20000004E-05    1.88299308E-04    1.83872609E-04    4.41250619E+00   -3.91941912E-04
     384    1.20000004E-05    1.88299308E-04    1.83872609E-04    4.41250619E+00   -3.91941912E-04
     385    1.20000004E-05    1.88299308E-04    1.83872609E-04    4.41250619E+00   -3.91941912E-04
     386    1.20000004E-05    1.88299308E-04    1.83872609E-04    4.41250619E+00   -3.91941912E-04
     387    1.20000004E-05    1.88299308E-04    1.83872609E-04    4.41250619E+00   -3.91941912E-04
     388    1.20000004E-05    1.88299308E-04    1.83872609E-04    4.41250619E+00   -3.91941912E-04
     389    1.20000004E-05    1.88299308E-04    1.83872609E-04    4.41250619E+00   -3.91941912E-04
     390    1.20000004E-05    1.88299308E-04    1.83872609E-04    4.41250619E+00   -3.91941912E-04
     391    1.20000004E-05    1.88299308E-04    1.83872609E-04    4.41250619E+00   -3.91941912E-04
     392    1.20000004E-05    1.88299308E-04    1.83872609E-04    4.41250619E+00   -3.91941912E-04
     393    1.20000004E-05    1.88299308E-04    1.83872609E-04    4.41250619E+00   -3.91941912E-04
     394    1.20000004E-05    1.88299308E-04    1.83872609E-04    4.41250619E+00   -3.91941912E-04
     395    1.20000004E-05    1.88299308E-04    1.83872609E-04    4.41250619E+00   -3.91941912E-04
     396    1.20000004E-05    1.88299308E-04    1.83872609E-04    4.41250619E+00   -3.91941912E-04
     397    1.20000004E-05    1.88299308E-04    1.83872609E-04    4.41250619E+00   -3.91941912E-04
     398    1.20000004E-05    1.88299308E-04    1.83872609E-04    4.41250619E+00   -3.91941912E-04
     399    1.20000004E-05    1.88299308E-04    1.83872609E-04    4.41250619E+00   -3.91941912E-04
     400    1.20000004E-05    1.88299308E-04    1.83872609E-04    4.41250619E+00   -3.91941912E-04
     401    1.29999999E-05    1.89972706E-04    1.85465378E-04    4.49496485E+00   -3.91942127E-04
     402    1.29999999E-05    1.89972706E-04    1.85465378E-04    4.49496485E+00   -3.91942127E-04
     403    1.29999999E-05    1.89972706E-04    1.85465378E-04    4.49496485E+00   -3.91942127E-04
     404    1.29999999E-05    1.89972706E-04    1.85465378E-04    4.49496485E+00   -3.91942127E-04
     405    1.29999999E-05    1.89972706E-04    1.85465378E-04    4.49496485E+00   -3.91942127E-04
     406    1.29999999E-05    1.89972706E-04    1.85465378E-04    4.49496485E+00   -3.91942127E-04
     407    1.29999999E-05    1.89972706E-04    1.85465378E-04    4.49496485E+00   -3.91942127E-04
     408    1.29999999E-05    1.89972706E-04    1.85465378E-04    4.49496485E+00   -3.91942127E-04
     409    1.29999999E-05    1.89972706E-04    1.85465378E-04    4.49496485E+00   -3.91942127E-04
     410    1.29999999E-05    1.89972706E-04    1.85465378E-04    4.49496485E+00   -3.91942127E-04
     411    1.29999999E-05    1.89972706E-04    1.85465378E-04    4.49496485E+00   -3.91942127E-04
     412    1.29999999E-05    1.89972706E-04    1.85465378E-04    4.49496485E+00   -3.91942127E-04
     413    1.29999999E-05    1.89972706E-04    1.85465378E-04    4.49496485E+00   -3.91942127E-04
     414    1.29999999E-05    1.89972706E-04    1.85465378E-04    4.49496485E+00   -3.91942127E-04
     415    1.29999999E-05    1.89972706E-04    1.85465378E-04    4.49496485E+00   -3.91942127E-04
     416    1.29999999E-05    1.89972706E-04    1.85465378E-04    4.49496485E+00   -3.91942127E-04
     417    1.29999999E-05    1.89972706E-04    1.85465378E-04    4.49496485E+00   -3.91942127E-04
     418    1.29999999E-05    1.89972706E-04    1.85465378E-04    4.49496485E+00   -3.91942127E-04
     419    1.29999999E-05    1.89972706E-04    1.85465378E-04    4.49496485E+00   -3.91942127E-04
     420    1.29999999E-05    1.89972706E-04    1.85465378E-04    4.49496485E+00   -3.91942127E-04
     421    1.29999999E-05    1.89972706E-04    1.85465378E-04    4.49496485E+00   -3.91942127E-04
     422    1.29999999E-05    1.89972706E-04    1.85465378E-04    4.49496485E+00   -3.91942127E-04
     423    1.29999999E-05    1.89972706E-04    1.85465378E-04    4.49496485E+00   -3.91942127E-04
     424    1.29999999E-05    1.89972706E-04    1.85465378E-04    4.49496485E+00   -3.91942127E-04
     425    1.29999999E-05    1.89972706E-04    1.85465378E-04    4.49496485E+00   -3.91942127E-04
     426    1.29999999E-05    1.89972706E-04    1.85465378E-04    4.49496485E+00   -3.91942127E-04
     427    1.29999999E-05    1.89972706E-04    1.85465378E-04    4.49496485E+00   -3.91942127E-04
     428    1.29999999E-05    1.89972706E-04    1.85465378E-04    4.49496485E+00   -3.91942127E-04
     429    1.29999999E-05    1.89972706E-04    1.85465378E-04    4.49496485E+00   -3.91942127E-04
     430    1.29999999E-05    1.89972706E-04    1.85465378E-04    4.49496485E+00   -3.91942127E-04
     431    1.29999999E-05    1.89972706E-04    1.85465378E-04    4.49496485E+00   -3.91942127E-04
     432    1.29999999E-05    1.89972706E-04    1.85465378E-04    4.49496485E+00   -3.91942127E-04
     433    1.29999999E-05    1.89972706E-04    1.85465378E-04    4.49496485E+00   -3.91942127E-04
     434    1.29999999E-05    1.89972706E-04    1.85465378E-04    4.49496485E+00   -3.91942127E-04
     435    1.29999999E-05    1.89972706E-04    1.85465378E-04    4.49496485E+00   -3.91942127E-04
     436    1.29999999E-05    1.89972706E-04    1.85465378E-04    4.49496485E+00   -3.91942127E-04
     437    1.29999999E-05    1.89972706E-04    1.85465378E-04    4.49496485E+00   -3.91942127E-04
     438    1.29999999E-05    1.89972706E-04    1.85465378E-04    4.49496485E+00   -3.91942127E-04
     439    1.29999999E-05    1.89972706E-04    1.85465378E-04    4.49496485E+00   -3.91942127E-04
     440    1.29999999E-05    1.89972706E-04    1.85465378E-04    4.49496485E+00   -3.91942127E-04
     441    1.29999999E-05    1.89972706E-04    1.85465378E-04    4.49496485E+00   -3.91942127E-04
     442    1.29999999E-05    1.89972706E-04    1.85465378E-04    4.49496485E+00   -3.91942127E-04
     443    1.29999999E-05    1.89972706E-04    1.85465378E-04    4.49496485E+00   -3.91942127E-04
     444    1.40000002E-05    1.91314397E-04    1.86742075E-04    4.56146055E+00   -3.91942294E-04
     445    1.40000002E-05    1.91314397E-04    1.86742075E-04    4.56146055E+00   -3.91942294E-04
     446    1.40000002E-05    1.91314397E-04    1.86742075E-04    4.56146055E+00   -3.91942294E-04
     447    1.40000002E-05    1.91314397E-04    1.86742075E-04    4.56146055E+00   -3.91942294E-04
     448    1.40000002E-05    1.91314397E-04    1.86742075E-04    4.56146055E+00   -3.91942294E-04
     449    1.40000002E-05    1.91314397E-04    1.86742075E-04    4.56146055E+00   -3.91942294E-04
     450    1.40000002E-05    1.91314397E-04    1.86742075E-04    4.56146055E+00   -3.91942294E-04
     451    1.40000002E-05    1.91314397E-04    1.86742075E-04    4.56146055E+00   -3.91942294E-04
     452    1.40000002E-05    1.91314397E-04    1.86742075E-04    4.56146055E+00   -3.91942294E-04
     453    1.40000002E-05    1.91314397E-04    1.86742075E-04    4.56146055E+00   -3.91942294E-04
     454    1.40000002E-05    1.91314397E-04    1.86742075E-04    4.56146055E+00   -3.91942294E-04
     455    1.40000002E-05    1.91314397E-04    1.86742075E-04    4.56146055E+00   -3.91942294E-04
     456    1.40000002E-05    1.91314397E-04    1.86742075E-04    4.56146055E+00   -3.91942294E-04
     457    1.40000002E-05    1.91314397E-04    1.86742075E-04    4.56146055E+00   -3.91942294E-04
     458    1.40000002E-05    1.91314397E-04    1.86742075E-04    4.56146055E+00   -3.91942294E-04
     459    1.40000002E-05    1.91314397E-04    1.86742075E-04    4.56146055E+00   -3.91942294E-04
     460    1.40000002E-05    1.91314397E-04    1.86742075E-04    4.56146055E+00   -3.91942294E-04
     461    1.40000002E-05    1.91314397E-04    1.86742075E-04    4.56146055E+00   -3.91942294E-04
     462    1.40000002E-05    1.91314397E-04    1.86742075E-04    4.56146055E+00   -3.91942294E-04
     463    1.40000002E-05    1.91314397E-04    1.86742075E-04    4.56146055E+00   -3.91942294E-04
     464    1.40000002E-05    1.91314397E-04    1.86742075E-04    4.56146055E+00   -3.91942294E-04
     465    1.40000002E-05    1.91314397E-04    1.86742075E-04    4.56146055E+00   -3.91942294E-04
     466    1.40000002E-05    1.91314397E-04    1.86742075E-04    4.56146055E+00   -3.91942294E-04
     467    1.40000002E-05    1.91314397E-04    1.86742075E-04    4.56146055E+00   -3.91942294E-04
     468    1.40000002E-05    1.91314397E-04    1.86742075E-04    4.56146055E+00   -3.91942294E-04
     469    1.40000002E-05    1.91314397E-04    1.86742075E-04    4.56146055E+00   -3.91942294E-04
     470    1.40000002E-05    1.91314397E-04    1.86742075E-04    4.56146055E+00   -3.91942294E-04
     471    1.40000002E-05    1.91314397E-04    1.86742075E-04    4.56146055E+00   -3.91942294E-04
     472    1.40000002E-05    1.91314397E-04    1.86742075E-04    4.56146055E+00   -3.91942294E-04
     473    1.40000002E-05    1.91314397E-04    1.86742075E-04    4.56146055E+00   -3.91942294E-04
     474    1.40000002E-05    1.91314397E-04    1.86742075E-04    4.56146055E+00   -3.91942294E-04
     475    1.40000002E-05    1.91314397E-04    1.86742075E-04    4.56146055E+00   -3.91942294E-04
     476    1.40000002E-05    1.91314397E-04    1.86742075E-04    4.56146055E+00   -3.91942294E-04
     477    1.40000002E-05    1.91314397E-04    1.86742075E-04    4.56146055E+00   -3.91942294E-04
     478    1.40000002E-05    1.91314397E-04    1.86742075E-04    4.56146055E+00   -3.91942294E-04
     479    1.40000002E-05    1.91314397E-04    1.86742075E-04    4.56146055E+00   -3.91942294E-04
     480    1.40000002E-05    1.91314397E-04    1.86742075E-04    4.56146055E+00   -3.91942294E-04
     481    1.40000002E-05    1.91314397E-04    1.86742075E-04    4.56146055E+00   -3.91942294E-04
     482    1.40000002E-05    1.91314397E-04    1.86742075E-04    4.56146055E+00   -3.91942294E-04
     483    1.40000002E-05    1.91314397E-04    1.86742075E-04    4.56146055E+00   -3.91942294E-04
     484    1.49999996E-05    1.92405861E-04    1.87780439E-04    4.61580395E+00   -3.91942426E-04
     485    1.49999996E-05    1.92405861E-04    1.87780439E-04    4.61580395E+00   -3.91942426E-04
     486    1.49999996E-05    1.92405861E-04    1.87780439E-04    4.61580395E+00   -3.91942426E-04
     487    1.49999996E-05    1.92405861E-04    1.87780439E-04    4.61580395E+00   -3.91942426E-04
     488    1.49999996E-05    1.92405861E-04    1.87780439E-04    4.61580395E+00   -3.91942426E-04
     489    1.49999996E-05    1.92405861E-04    1.87780439E-04    4.61580395E+00   -3.91942426E-04
     490    1.49999996E-05    1.92405861E-04    1.87780439E-04    4.61580395E+00   -3.91942426E-04
     491    1.49999996E-05    1.92405861E-04    1.87780439E-04    4.61580395E+00   -3.91942426E-04
     492    1.49999996E-05    1.92405861E-04    1.87780439E-04    4.61580395E+00   -3.91942426E-04
     493    1.49999996E-05    1.92405861E-04    1.87780439E-04    4.61580395E+00   -3.91942426E-04
     494    1.49999996E-05    1.92405861E-04    1.87780439E-04    4.61580395E+00   -3.91942426E-04
     495    1.49999996E-05    1.92405861E-04    1.87780439E-04    4.61580395E+00   -3.91942426E-04
     496    1.49999996E-05    1.92405861E-04    1.87780439E-04    4.61580395E+00   -3.91942426E-04
     497    1.49999996E-05    1.92405861E-04    1.87780439E-04    4.61580395E+00   -3.91942426E-04
     498    1.49999996E-05    1.92405861E-04    1.87780439E-04    4.61580395E+00   -3.91942426E-04
     499    1.49999996E-05    1.92405861E-04    1.87780439E-04    4.61580395E+00   -3.91942426E-04
     500    1.49999996E-05    1.92405861E-04    1.87780439E-04    4.61580395E+00   -3.91942426E-04
     501    1.49999996E-05    1.92405861E-04    1.87780439E-04    4.61580395E+00   -3.91942426E-04
     502    1.49999996E-05    1.92405861E-04    1.87780439E-04    4.61580395E+00   -3.91942426E-04
     503    1.49999996E-05    1.92405861E-04    1.87780439E-04    4.61580395E+00   -3.91942426E-04
     504    1.49999996E-05    1.92405861E-04    1.87780439E-04    4.61580395E+00   -3.91942426E-04
     505    1.49999996E-05    1.92405861E-04    1.87780439E-04    4.61580395E+00   -3.91942426E-04
     506    1.49999996E-05    1.92405861E-04    1.87780439E-04    4.61580395E+00   -3.91942426E-04
     507    1.49999996E-05    1.92405861E-04    1.87780439E-04    4.61580395E+00   -3.91942426E-04
     508    1.49999996E-05    1.92405861E-04    1.87780439E-04    4.61580395E+00   -3.91942426E-04
     509    1.49999996E-05    1.92405861E-04    1.87780439E-04    4.61580395E+00   -3.91942426E-04
     510    1.49999996E-05    1.92405861E-04    1.87780439E-04    4.61580395E+00   -3.91942426E-04
     511    1.49999996E-05    1.92405861E-04    1.87780439E-04    4.61580395E+00   -3.91942426E-04
     512    1.49999996E-05    1.92405861E-04    1.87780439E-04    4.61580395E+00   -3.91942426E-04
     513    1.49999996E-05    1.92405861E-04    1.87780439E-04    4.61580395E+00   -3.91942426E-04
     514    1.49999996E-05    1.92405861E-04    1.87780439E-04    4.61580395E+00   -3.91942426E-04
     515    1.49999996E-05    1.92405861E-04    1.87780439E-04    4.61580395E+00   -3.91942426E-04
     516    1.49999996E-05    1.92405861E-04    1.87780439E-04    4.61580395E+00   -3.91942426E-04
     517    1.49999996E-05    1.92405861E-04    1.87780439E-04    4.61580395E+00   -3.91942426E-04
     518    1.49999996E-05    1.92405861E-04    1.87780439E-04    4.61580395E+00   -3.91942426E-04
     519    1.49999996E-05    1.92405861E-04    1.87780439E-04    4.61580395E+00   -3.91942426E-04
     520    1.49999996E-05    1.92405861E-04    1.87780439E-04    4.61580395E+00   -3.91942426E-04
     521    1.49999996E-05    1.92405861E-04    1.87780439E-04    4.61580395E+00   -3.91942426E-04
     522    1.60000000E-05    1.93305214E-04    1.88635888E-04    4.66074934E+00   -3.91942533E-04
     523    1.60000000E-05    1.93305214E-04    1.88635888E-04    4.66074934E+00   -3.91942533E-04
     524    1.60000000E-05    1.93305214E-04    1.88635888E-04    4.66074934E+00   -3.91942533E-04
     525    1.60000000E-05    1.93305214E-04    1.88635888E-04    4.66074934E+00   -3.91942533E-04
     526    1.60000000E-05    1.93305214E-04    1.88635888E-04    4.66074934E+00   -3.91942533E-04
     527    1.60000000E-05    1.93305214E-04    1.88635888E-04    4.66074934E+00   -3.91942533E-04
     528    1.60000000E-05    1.93305214E-04    1.88635888E-04    4.66074934E+00   -3.91942533E-04
     529    1.60000000E-05    1.93305214E-04    1.88635888E-04    4.66074934E+00   -3.91942533E-04
     530    1.60000000E-05    1.93305214E-04    1.88635888E-04    4.66074934E+00   -3.91942533E-04
     531    1.60000000E-05    1.93305214E-04    1.88635888E-04    4.66074934E+00   -3.91942533E-04
     532    1.60000000E-05    1.93305214E-04    1.88635888E-04    4.66074934E+00   -3.91942533E-04
     533    1.60000000E-05    1.93305214E-04    1.88635888E-04    4.66074934E+00   -3.91942533E-04
     534    1.60000000E-05    1.93305214E-04    1.88635888E-04    4.66074934E+00   -3.91942533E-04
     535    1.60000000E-05    1.93305214E-04    1.88635888E-04    4.66074934E+00   -3.91942533E-04
     536    1.60000000E-05    1.93305214E-04    1.88635888E-04    4.66074934E+00   -3.91942533E-04
     537    1.60000000E-05    1.93305214E-04    1.88635888E-04    4.66074934E+00   -3.91942533E-04
     538    1.60000000E-05    1.93305214E-04    1.88635888E-04    4.66074934E+00   -3.91942533E-04
     539    1.60000000E-05    1.93305214E-04    1.88635888E-04    4.66074934E+00   -3.91942533E-04
     540    1.60000000E-05    1.93305214E-04    1.88635888E-04    4.66074934E+00   -3.91942533E-04
     541    1.60000000E-05    1.93305214E-04    1.88635888E-04    4.66074934E+00   -3.91942533E-04
     542    1.60000000E-05    1.93305214E-04    1.88635888E-04    4.66074934E+00   -3.91942533E-04
     543    1.60000000E-05    1.93305214E-04    1.88635888E-04    4.66074934E+00   -3.91942533E-04
     544    1.60000000E-05    1.93305214E-04    1.88635888E-04    4.66074934E+00   -3.91942533E-04
     545    1.60000000E-05    1.93305214E-04    1.88635888E-04    4.66074934E+00   -3.91942533E-04
     546    1.60000000E-05    1.93305214E-04    1.88635888E-04    4.66074934E+00   -3.91942533E-04
     547    1.60000000E-05    1.93305214E-04    1.88635888E-04    4.66074934E+00   -3.91942533E-04
     548    1.60000000E-05    1.93305214E-04    1.88635888E-04    4.66074934E+00   -3.91942533E-04
     549    1.60000000E-05    1.93305214E-04    1.88635888E-04    4.66074934E+00   -3.91942533E-04
     550    1.60000000E-05    1.93305214E-04    1.88635888E-04    4.66074934E+00   -3.91942533E-04
     551    1.60000000E-05    1.93305214E-04    1.88635888E-04    4.66074934E+00   -3.91942533E-04
     552    1.60000000E-05    1.93305214E-04    1.88635888E-04    4.66074934E+00   -3.91942533E-04
     553    1.60000000E-05    1.93305214E-04    1.88635888E-04    4.66074934E+00   -3.91942533E-04
     554    1.60000000E-05    1.93305214E-04    1.88635888E-04    4.66074934E+00   -3.91942533E-04
     555    1.60000000E-05    1.93305214E-04    1.88635888E-04    4.66074934E+00   -3.91942533E-04
     556    1.60000000E-05    1.93305214E-04    1.88635888E-04    4.66074934E+00   -3.91942533E-04
     557    1.70000003E-05    1.94054743E-04    1.89348723E-04    4.69832210E+00   -3.91942620E-04
     558    1.70000003E-05    1.94054743E-04    1.89348723E-04    4.69832210E+00   -3.91942620E-04
     559    1.70000003E-05    1.94054743E-04    1.89348723E-04    4.69832210E+00   -3.91942620E-04
     560    1.70000003E-05    1.94054743E-04    1.89348723E-04    4.69832210E+00   -3.91942620E-04
     561    1.70000003E-05    1.94054743E-04    1.89348723E-04    4.69832210E+00   -3.91942620E-04
     562    1.70000003E-05    1.94054743E-04    1.89348723E-04    4.69832210E+00   -3.91942620E-04
     563    1.70000003E-05    1.94054743E-04    1.89348723E-04    4.69832210E+00   -3.91942620E-04
     564    1.70000003E-05    1.94054743E-04    1.89348723E-04    4.69832210E+00   -3.91942620E-04
     565    1.70000003E-05    1.94054743E-04    1.89348723E-04    4.69832210E+00   -3.91942620E-04
     566    1.70000003E-05    1.94054743E-04    1.89348723E-04    4.69832210E+00   -3.91942620E-04
     567    1.70000003E-05    1.94054743E-04    1.89348723E-04    4.69832210E+00   -3.91942620E-04
     568    1.70000003E-05    1.94054743E-04    1.89348723E-04    4.69832210E+00   -3.91942620E-04
     569    1.70000003E-05    1.94054743E-04    1.89348723E-04    4.69832210E+00   -3.91942620E-04
     570    1.70000003E-05    1.94054743E-04    1.89348723E-04    4.69832210E+00   -3.91942620E-04
     571    1.70000003E-05    1.94054743E-04    1.89348723E-04    4.69832210E+00   -3.91942620E-04
     572    1.70000003E-05    1.94054743E-04    1.89348723E-04    4.69832210E+00   -3.91942620E-04
     573    1.70000003E-05    1.94054743E-04    1.89348723E-04    4.69832210E+00   -3.91942620E-04
     574    1.70000003E-05    1.94054743E-04    1.89348723E-04    4.69832210E+00   -3.91942620E-04
     575    1.70000003E-05    1.94054743E-04    1.89348723E-04    4.69832210E+00   -3.91942620E-04
     576    1.70000003E-05    1.94054743E-04    1.89348723E-04    4.69832210E+00   -3.91942620E-04
     577    1.70000003E-05    1.94054743E-04    1.89348723E-04    4.69832210E+00   -3.91942620E-04
     578    1.70000003E-05    1.94054743E-04    1.89348723E-04    4.69832210E+00   -3.91942620E-04
     579    1.70000003E-05    1.94054743E-04    1.89348723E-04    4.69832210E+00   -3.91942620E-04
     580    1.70000003E-05    1.94054743E-04    1.89348723E-04    4.69832210E+00   -3.91942620E-04
     581    1.70000003E-05    1.94054743E-04    1.89348723E-04    4.69832210E+00   -3.91942620E-04
     582    1.70000003E-05    1.94054743E-04    1.89348723E-04    4.69832210E+00   -3.91942620E-04
     583    1.70000003E-05    1.94054743E-04    1.89348723E-04    4.69832210E+00   -3.91942620E-04
     584    1.70000003E-05    1.94054743E-04    1.89348723E-04    4.69832210E+00   -3.91942620E-04
     585    1.70000003E-05    1.94054743E-04    1.89348723E-04    4.69832210E+00   -3.91942620E-04
     586    1.70000003E-05    1.94054743E-04    1.89348723E-04    4.69832210E+00   -3.91942620E-04
     587    1.70000003E-05    1.94054743E-04    1.89348723E-04    4.69832210E+00   -3.91942620E-04
     588    1.70000003E-05    1.94054743E-04    1.89348723E-04    4.69832210E+00   -3.91942620E-04
     589    1.70000003E-05    1.94054743E-04    1.89348723E-04    4.69832210E+00   -3.91942620E-04
     590    1.80000006E-05    1.94685782E-04    1.89948796E-04    4.73003573E+00   -3.91942692E-04
     591    1.80000006E-05    1.94685782E-04    1.89948796E-04    4.73003573E+00   -3.91942692E-04
     592    1.80000006E-05    1.94685782E-04    1.89948796E-04    4.73003573E+00   -3.91942692E-04
     593    1.80000006E-05    1.94685782E-04    1.89948796E-04    4.73003573E+00   -3.91942692E-04
     594    1.80000006E-05    1.94685782E-04    1.89948796E-04    4.73003573E+00   -3.91942692E-04
     595    1.80000006E-05    1.94685782E-04    1.89948796E-04    4.73003573E+00   -3.91942692E-04
     596    1.80000006E-05    1.94685782E-04    1.89948796E-04    4.73003573E+00   -3.91942692E-04
     597    1.80000006E-05    1.94685782E-04    1.89948796E-04    4.73003573E+00   -3.91942692E-04
     598    1.80000006E-05    1.94685782E-04    1.89948796E-04    4.73003573E+00   -3.91942692E-04
     599    1.80000006E-05    1.94685782E-04    1.89948796E-04    4.73003573E+00   -3.91942692E-04
     600    1.80000006E-05    1.94685782E-04    1.89948796E-04    4.73003573E+00   -3.91942692E-04
     601    1.80000006E-05    1.94685782E-04    1.89948796E-04    4.73003573E+00   -3.91942692E-04
     602    1.80000006E-05    1.94685782E-04    1.89948796E-04    4.73003573E+00   -3.91942692E-04
     603    1.80000006E-05    1.94685782E-04    1.89948796E-04    4.73003573E+00   -3.91942692E-04
     604    1.80000006E-05    1.94685782E-04    1.89948796E-04    4.73003573E+00   -3.91942692E-04
     605    1.80000006E-05    1.94685782E-04    1.89948796E-04    4.73003573E+00   -3.91942692E-04
     606    1.80000006E-05    1.94685782E-04    1.89948796E-04    4.73003573E+00   -3.91942692E-04
     607    1.80000006E-05    1.94685782E-04    1.89948796E-04    4.73003573E+00   -3.91942692E-04
     608    1.80000006E-05    1.94685782E-04    1.89948796E-04    4.73003573E+00   -3.91942692E-04
     609    1.80000006E-05    1.94685782E-04    1.89948796E-04    4.73003573E+00   -3.91942692E-04
     610    1.80000006E-05    1.94685782E-04    1.89948796E-04    4.73003573E+00   -3.91942692E-04
     611    1.80000006E-05    1.94685782E-04    1.89948796E-04    4.73003573E+00   -3.91942692E-04
     612    1.80000006E-05    1.94685782E-04    1.89948796E-04    4.73003573E+00   -3.91942692E-04
     613    1.80000006E-05    1.94685782E-04    1.89948796E-04    4.73003573E+00   -3.91942692E-04
     614    1.80000006E-05    1.94685782E-04    1.89948796E-04    4.73003573E+00   -3.91942692E-04
     615    1.80000006E-05    1.94685782E-04    1.89948796E-04    4.73003573E+00   -3.91942692E-04
     616    1.80000006E-05    1.94685782E-04    1.89948796E-04    4.73003573E+00   -3.91942692E-04
     617    1.80000006E-05    1.94685782E-04    1.89948796E-04    4.73003573E+00   -3.91942692E-04
     618    1.80000006E-05    1.94685782E-04    1.89948796E-04    4.73003573E+00   -3.91942692E-04
     619    1.80000006E-05    1.94685782E-04    1.89948796E-04    4.73003573E+00   -3.91942692E-04
     620    1.89999992E-05    1.95221924E-04    1.90458576E-04    4.75703791E+00   -3.91942753E-04
     621    1.89999992E-05    1.95221924E-04    1.90458576E-04    4.75703791E+00   -3.91942753E-04
     622    1.89999992E-05    1.95221924E-04    1.90458576E-04    4.75703791E+00   -3.91942753E-04
     623    1.89999992E-05    1.95221924E-04    1.90458576E-04    4.75703791E+00   -3.91942753E-04
     624    1.89999992E-05    1.95221924E-04    1.90458576E-04    4.75703791E+00   -3.91942753E-04
     625    1.89999992E-05    1.95221924E-04    1.90458576E-04    4.75703791E+00   -3.91942753E-04
     626    1.89999992E-05    1.95221924E-04    1.90458576E-04    4.75703791E+00   -3.91942753E-04
     627    1.89999992E-05    1.95221924E-04    1.90458576E-04    4.75703791E+00   -3.91942753E-04
     628    1.89999992E-05    1.95221924E-04    1.90458576E-04    4.75703791E+00   -3.91942753E-04
     629    1.89999992E-05    1.95221924E-04    1.90458576E-04    4.75703791E+00   -3.91942753E-04
     630    1.89999992E-05    1.95221924E-04    1.90458576E-04    4.75703791E+00   -3.91942753E-04
     631    1.89999992E-05    1.95221924E-04    1.90458576E-04    4.75703791E+00   -3.91942753E-04
     632    1.89999992E-05    1.95221924E-04    1.90458576E-04    4.75703791E+00   -3.91942753E-04
     633    1.89999992E-05    1.95221924E-04    1.90458576E-04    4.75703791E+00   -3.91942753E-04
     634    1.89999992E-05    1.95221924E-04    1.90458576E-04    4.75703791E+00   -3.91942753E-04
     635    1.89999992E-05    1.95221924E-04    1.90458576E-04    4.75703791E+00   -3.91942753E-04
     636    1.89999992E-05    1.95221924E-04    1.90458576E-04    4.75703791E+00   -3.91942753E-04
     637    1.89999992E-05    1.95221924E-04    1.90458576E-04    4.75703791E+00   -3.91942753E-04
     638    1.89999992E-05    1.95221924E-04    1.90458576E-04    4.75703791E+00   -3.91942753E-04
     639    1.89999992E-05    1.95221924E-04    1.90458576E-04    4.75703791E+00   -3.91942753E-04
     640    1.89999992E-05    1.95221924E-04    1.90458576E-04    4.75703791E+00   -3.91942753E-04
     641    1.89999992E-05    1.95221924E-04    1.90458576E-04    4.75703791E+00   -3.91942753E-04
     642    1.89999992E-05    1.95221924E-04    1.90458576E-04    4.75703791E+00   -3.91942753E-04
     643    1.89999992E-05    1.95221924E-04    1.90458576E-04    4.75703791E+00   -3.91942753E-04
     644    1.89999992E-05    1.95221924E-04    1.90458576E-04    4.75703791E+00   -3.91942753E-04
     645    1.89999992E-05    1.95221924E-04    1.90458576E-04    4.75703791E+00   -3.91942753E-04
     646    1.89999992E-05    1.95221924E-04    1.90458576E-04    4.75703791E+00   -3.91942753E-04
     647    1.89999992E-05    1.95221924E-04    1.90458576E-04    4.75703791E+00   -3.91942753E-04
     648    1.99999995E-05    1.95681199E-04    1.90895231E-04    4.78021086E+00   -3.91942804E-04
     649    1.99999995E-05    1.95681199E-04    1.90895231E-04    4.78021086E+00   -3.91942804E-04
     650    1.99999995E-05    1.95681199E-04    1.90895231E-04    4.78021086E+00   -3.91942804E-04
     651    1.99999995E-05    1.95681199E-04    1.90895231E-04    4.78021086E+00   -3.91942804E-04
     652    1.99999995E-05    1.95681199E-04    1.90895231E-04    4.78021086E+00   -3.91942804E-04
     653    1.99999995E-05    1.95681199E-04    1.90895231E-04    4.78021086E+00   -3.91942804E-04
     654    1.99999995E-05    1.95681199E-04    1.90895231E-04    4.78021086E+00   -3.91942804E-04
     655    1.99999995E-05    1.95681199E-04    1.90895231E-04    4.78021086E+00   -3.91942804E-04
     656    1.99999995E-05    1.95681199E-04    1.90895231E-04    4.78021086E+00   -3.91942804E-04
     657    1.99999995E-05    1.95681199E-04    1.90895231E-04    4.78021086E+00   -3.91942804E-04
     658    1.99999995E-05    1.95681199E-04    1.90895231E-04    4.78021086E+00   -3.91942804E-04
     659    1.99999995E-05    1.95681199E-04    1.90895231E-04    4.78021086E+00   -3.91942804E-04
     660    1.99999995E-05    1.95681199E-04    1.90895231E-04    4.78021086E+00   -3.91942804E-04
     661    1.99999995E-05    1.95681199E-04    1.90895231E-04    4.78021086E+00   -3.91942804E-04
     662    1.99999995E-05    1.95681199E-04    1.90895231E-04    4.78021086E+00   -3.91942804E-04
     663    1.99999995E-05    1.95681199E-04    1.90895231E-04    4.78021086E+00   -3.91942804E-04
     664    1.99999995E-05    1.95681199E-04    1.90895231E-04    4.78021086E+00   -3.91942804E-04
     665    1.99999995E-05    1.95681199E-04    1.90895231E-04    4.78021086E+00   -3.91942804E-04
     666    1.99999995E-05    1.95681199E-04    1.90895231E-04    4.78021086E+00   -3.91942804E-04
     667    1.99999995E-05    1.95681199E-04    1.90895231E-04    4.78021086E+00   -3.91942804E-04
     668    1.99999995E-05    1.95681199E-04    1.90895231E-04    4.78021086E+00   -3.91942804E-04
     669    1.99999995E-05    1.95681199E-04    1.90895231E-04    4.78021086E+00   -3.91942804E-04
     670    1.99999995E-05    1.95681199E-04    1.90895231E-04    4.78021086E+00   -3.91942804E-04
     671    1.99999995E-05    1.95681199E-04    1.90895231E-04    4.78021086E+00   -3.91942804E-04
     672    1.99999995E-05    1.95681199E-04    1.90895231E-04    4.78021086E+00   -3.91942804E-04
     673    1.99999995E-05    1.95681199E-04    1.90895231E-04    4.78021086E+00   -3.91942804E-04
     674    2.09999998E-05    1.96077568E-04    1.91272049E-04    4.80024097E+00   -3.91942848E-04
     675    2.09999998E-05    1.96077568E-04    1.91272049E-04    4.80024097E+00   -3.91942848E-04
     676    2.09999998E-05    1.96077568E-04    1.91272049E-04    4.80024097E+00   -3.91942848E-04
     677    2.09999998E-05    1.96077568E-04    1.91272049E-04    4.80024097E+00   -3.91942848E-04
     678    2.09999998E-05    1.96077568E-04    1.91272049E-04    4.80024097E+00   -3.91942848E-04
     679    2.09999998E-05    1.96077568E-04    1.91272049E-04    4.80024097E+00   -3.91942848E-04
     680    2.09999998E-05    1.96077568E-04    1.91272049E-04    4.80024097E+00   -3.91942848E-04
     681    2.09999998E-05    1.96077568E-04    1.91272049E-04    4.80024097E+00   -3.91942848E-04
     682    2.09999998E-05    1.96077568E-04    1.91272049E-04    4.80024097E+00   -3.91942848E-04
     683    2.09999998E-05    1.96077568E-04    1.91272049E-04    4.80024097E+00   -3.91942848E-04
     684    2.09999998E-05    1.96077568E-04    1.91272049E-04    4.80024097E+00   -3.91942848E-04
     685    2.09999998E-05    1.96077568E-04    1.91272049E-04    4.80024097E+00   -3.91942848E-04
     686    2.09999998E-05    1.96077568E-04    1.91272049E-04    4.80024097E+00   -3.91942848E-04
     687    2.09999998E-05    1.96077568E-04    1.91272049E-04    4.80024097E+00   -3.91942848E-04
     688    2.09999998E-05    1.96077568E-04    1.91272049E-04    4.80024097E+00   -3.91942848E-04
     689    2.09999998E-05    1.96077568E-04    1.91272049E-04    4.80024097E+00   -3.91942848E-04
     690    2.09999998E-05    1.96077568E-04    1.91272049E-04    4.80024097E+00   -3.91942848E-04
     691    2.09999998E-05    1.96077568E-04    1.91272049E-04    4.80024097E+00   -3.91942848E-04
     692    2.09999998E-05    1.96077568E-04    1.91272049E-04    4.80024097E+00   -3.91942848E-04
     693    2.09999998E-05    1.96077568E-04    1.91272049E-04    4.80024097E+00   -3.91942848E-04
     694    2.09999998E-05    1.96077568E-04    1.91272049E-04    4.80024097E+00   -3.91942848E-04
     695    2.09999998E-05    1.96077568E-04    1.91272049E-04    4.80024097E+00   -3.91942848E-04
     696    2.09999998E-05    1.96077568E-04    1.91272049E-04    4.80024097E+00   -3.91942848E-04
     697    2.09999998E-05    1.96077568E-04    1.91272049E-04    4.80024097E+00   -3.91942848E-04
     698    2.20000002E-05    1.96421972E-04    1.91599445E-04    4.81766846E+00   -3.91942886E-04
     699    2.20000002E-05    1.96421972E-04    1.91599445E-04    4.81766846E+00   -3.91942886E-04
     700    2.20000002E-05    1.96421972E-04    1.91599445E-04    4.81766846E+00   -3.91942886E-04
     701    2.20000002E-05    1.96421972E-04    1.91599445E-04    4.81766846E+00   -3.91942886E-04
     702    2.20000002E-05    1.96421972E-04    1.91599445E-04    4.81766846E+00   -3.91942886E-04
     703    2.20000002E-05    1.96421972E-04    1.91599445E-04    4.81766846E+00   -3.91942886E-04
     704    2.20000002E-05    1.96421972E-04    1.91599445E-04    4.81766846E+00   -3.91942886E-04
     705    2.20000002E-05    1.96421972E-04    1.91599445E-04    4.81766846E+00   -3.91942886E-04
     706    2.20000002E-05    1.96421972E-04    1.91599445E-04    4.81766846E+00   -3.91942886E-04
     707    2.20000002E-05    1.96421972E-04    1.91599445E-04    4.81766846E+00   -3.91942886E-04
     708    2.20000002E-05    1.96421972E-04    1.91599445E-04    4.81766846E+00   -3.91942886E-04
     709    2.20000002E-05    1.96421972E-04    1.91599445E-04    4.81766846E+00   -3.91942886E-04
     710    2.20000002E-05    1.96421972E-04    1.91599445E-04    4.81766846E+00   -3.91942886E-04
     711    2.20000002E-05    1.96421972E-04    1.91599445E-04    4.81766846E+00   -3.91942886E-04
     712    2.20000002E-05    1.96421972E-04    1.91599445E-04    4.81766846E+00   -3.91942886E-04
     713    2.20000002E-05    1.96421972E-04    1.91599445E-04    4.81766846E+00   -3.91942886E-04
     714    2.20000002E-05    1.96421972E-04    1.91599445E-04    4.81766846E+00   -3.91942886E-04
     715    2.20000002E-05    1.96421972E-04    1.91599445E-04    4.81766846E+00   -3.91942886E-04
     716    2.20000002E-05    1.96421972E-04    1.91599445E-04    4.81766846E+00   -3.91942886E-04
     717    2.20000002E-05    1.96421972E-04    1.91599445E-04    4.81766846E+00   -3.91942886E-04
     718    2.20000002E-05    1.96421972E-04    1.91599445E-04    4.81766846E+00   -3.91942886E-04
     719    2.20000002E-05    1.96421972E-04    1.91599445E-04    4.81766846E+00   -3.91942886E-04
     720    2.30000005E-05    1.96723082E-04    1.91885669E-04    4.83292298E+00   -3.91942919E-04
     721    2.30000005E-05    1.96723082E-04    1.91885669E-04    4.83292298E+00   -3.91942919E-04
     722    2.30000005E-05    1.96723082E-04    1.91885669E-04    4.83292298E+00   -3.91942919E-04
     723    2.30000005E-05    1.96723082E-04    1.91885669E-04    4.83292298E+00   -3.91942919E-04
     724    2.30000005E-05    1.96723082E-04    1.91885669E-04    4.83292298E+00   -3.91942919E-04
     725    2.30000005E-05    1.96723082E-04    1.91885669E-04    4.83292298E+00   -3.91942919E-04
     726    2.30000005E-05    1.96723082E-04    1.91885669E-04    4.83292298E+00   -3.91942919E-04
     727    2.30000005E-05    1.96723082E-04    1.91885669E-04    4.83292298E+00   -3.91942919E-04
     728    2.30000005E-05    1.96723082E-04    1.91885669E-04    4.83292298E+00   -3.91942919E-04
     729    2.30000005E-05    1.96723082E-04    1.91885669E-04    4.83292298E+00   -3.91942919E-04
     730    2.30000005E-05    1.96723082E-04    1.91885669E-04    4.83292298E+00   -3.91942919E-04
     731    2.30000005E-05    1.96723082E-04    1.91885669E-04    4.83292298E+00   -3.91942919E-04
     732    2.30000005E-05    1.96723082E-04    1.91885669E-04    4.83292298E+00   -3.91942919E-04
     733    2.30000005E-05    1.96723082E-04    1.91885669E-04    4.83292298E+00   -3.91942919E-04
     734    2.30000005E-05    1.96723082E-04    1.91885669E-04    4.83292298E+00   -3.91942919E-04
     735    2.30000005E-05    1.96723082E-04    1.91885669E-04    4.83292298E+00   -3.91942919E-04
     736    2.30000005E-05    1.96723082E-04    1.91885669E-04    4.83292298E+00   -3.91942919E-04
     737    2.30000005E-05    1.96723082E-04    1.91885669E-04    4.83292298E+00   -3.91942919E-04
     738    2.30000005E-05    1.96723082E-04    1.91885669E-04    4.83292298E+00   -3.91942919E-04
     739    2.30000005E-05    1.96723082E-04    1.91885669E-04    4.83292298E+00   -3.91942919E-04
     740    2.30000005E-05    1.96723082E-04    1.91885669E-04    4.83292298E+00   -3.91942919E-04
     741    2.40000008E-05    1.96987839E-04    1.92137324E-04    4.84634949E+00   -3.91942947E-04
     742    2.40000008E-05    1.96987839E-04    1.92137324E-04    4.84634949E+00   -3.91942947E-04
     743    2.40000008E-05    1.96987839E-04    1.92137324E-04    4.84634949E+00   -3.91942947E-04
     744    2.40000008E-05    1.96987839E-04    1.92137324E-04    4.84634949E+00   -3.91942947E-04
     745    2.40000008E-05    1.96987839E-04    1.92137324E-04    4.84634949E+00   -3.91942947E-04
     746    2.40000008E-05    1.96987839E-04    1.92137324E-04    4.84634949E+00   -3.91942947E-04
     747    2.40000008E-05    1.96987839E-04    1.92137324E-04    4.84634949E+00   -3.91942947E-04
     748    2.40000008E-05    1.96987839E-04    1.92137324E-04    4.84634949E+00   -3.91942947E-04
     749    2.40000008E-05    1.96987839E-04    1.92137324E-04    4.84634949E+00   -3.91942947E-04
     750    2.40000008E-05    1.96987839E-04    1.92137324E-04    4.84634949E+00   -3.91942947E-04
     751    2.40000008E-05    1.96987839E-04    1.92137324E-04    4.84634949E+00   -3.91942947E-04
     752    2.40000008E-05    1.96987839E-04    1.92137324E-04    4.84634949E+00   -3.91942947E-04
     753    2.40000008E-05    1.96987839E-04    1.92137324E-04    4.84634949E+00   -3.91942947E-04
     754    2.40000008E-05    1.96987839E-04    1.92137324E-04    4.84634949E+00   -3.91942947E-04
     755    2.40000008E-05    1.96987839E-04    1.92137324E-04    4.84634949E+00   -3.91942947E-04
     756    2.40000008E-05    1.96987839E-04    1.92137324E-04    4.84634949E+00   -3.91942947E-04
     757    2.40000008E-05    1.96987839E-04    1.92137324E-04    4.84634949E+00   -3.91942947E-04
     758    2.40000008E-05    1.96987839E-04    1.92137324E-04    4.84634949E+00   -3.91942947E-04
     759    2.40000008E-05    1.96987839E-04    1.92137324E-04    4.84634949E+00   -3.91942947E-04
     760    2.49999994E-05    1.97221850E-04    1.92359746E-04    4.85822746E+00   -3.91942973E-04
     761    2.49999994E-05    1.97221850E-04    1.92359746E-04    4.85822746E+00   -3.91942973E-04
     762    2.49999994E-05    1.97221850E-04    1.92359746E-04    4.85822746E+00   -3.91942973E-04
     763    2.49999994E-05    1.97221850E-04    1.92359746E-04    4.85822746E+00   -3.91942973E-04
     764    2.49999994E-05    1.97221850E-04    1.92359746E-04    4.85822746E+00   -3.91942973E-04
     765    2.49999994E-05    1.97221850E-04    1.92359746E-04    4.85822746E+00   -3.91942973E-04
     766    2.49999994E-05    1.97221850E-04    1.92359746E-04    4.85822746E+00   -3.91942973E-04
     767    2.49999994E-05    1.97221850E-04    1.92359746E-04    4.85822746E+00   -3.91942973E-04
     768    2.49999994E-05    1.97221850E-04    1.92359746E-04    4.85822746E+00   -3.91942973E-04
     769    2.49999994E-05    1.97221850E-04    1.92359746E-04    4.85822746E+00   -3.91942973E-04
     770    2.49999994E-05    1.97221850E-04    1.92359746E-04    4.85822746E+00   -3.91942973E-04
     771    2.49999994E-05    1.97221850E-04    1.92359746E-04    4.85822746E+00   -3.91942973E-04
     772    2.49999994E-05    1.97221850E-04    1.92359746E-04    4.85822746E+00   -3.91942973E-04
     773    2.49999994E-05    1.97221850E-04    1.92359746E-04    4.85822746E+00   -3.91942973E-04
     774    2.49999994E-05    1.97221850E-04    1.92359746E-04    4.85822746E+00   -3.91942973E-04
     775    2.49999994E-05    1.97221850E-04    1.92359746E-04    4.85822746E+00   -3.91942973E-04
     776    2.49999994E-05    1.97221850E-04    1.92359746E-04    4.85822746E+00   -3.91942973E-04
     777    2.59999997E-05    1.97429687E-04    1.92557281E-04    4.86878519E+00   -3.91942995E-04
     778    2.59999997E-05    1.97429687E-04    1.92557281E-04    4.86878519E+00   -3.91942995E-04
     779    2.59999997E-05    1.97429687E-04    1.92557281E-04    4.86878519E+00   -3.91942995E-04
     780    2.59999997E-05    1.97429687E-04    1.92557281E-04    4.86878519E+00   -3.91942995E-04
     781    2.59999997E-05    1.97429687E-04    1.92557281E-04    4.86878519E+00   -3.91942995E-04
     782    2.59999997E-05    1.97429687E-04    1.92557281E-04    4.86878519E+00   -3.91942995E-04
     783    2.59999997E-05    1.97429687E-04    1.92557281E-04    4.86878519E+00   -3.91942995E-04
     784    2.59999997E-05    1.97429687E-04    1.92557281E-04    4.86878519E+00   -3.91942995E-04
     785    2.59999997E-05    1.97429687E-04    1.92557281E-04    4.86878519E+00   -3.91942995E-04
     786    2.59999997E-05    1.97429687E-04    1.92557281E-04    4.86878519E+00   -3.91942995E-04
     787    2.59999997E-05    1.97429687E-04    1.92557281E-04    4.86878519E+00   -3.91942995E-04
     788    2.59999997E-05    1.97429687E-04    1.92557281E-04    4.86878519E+00   -3.91942995E-04
     789    2.59999997E-05    1.97429687E-04    1.92557281E-04    4.86878519E+00   -3.91942995E-04
     790    2.59999997E-05    1.97429687E-04    1.92557281E-04    4.86878519E+00   -3.91942995E-04
     791    2.59999997E-05    1.97429687E-04    1.92557281E-04    4.86878519E+00   -3.91942995E-04
     792    2.59999997E-05    1.97429687E-04    1.92557281E-04    4.86878519E+00   -3.91942995E-04
     793    2.70000000E-05    1.97615101E-04    1.92733500E-04    4.87821054E+00   -3.91943015E-04
     794    2.70000000E-05    1.97615101E-04    1.92733500E-04    4.87821054E+00   -3.91943015E-04
     795    2.70000000E-05    1.97615101E-04    1.92733500E-04    4.87821054E+00   -3.91943015E-04
     796    2.70000000E-05    1.97615101E-04    1.92733500E-04    4.87821054E+00   -3.91943015E-04
     797    2.70000000E-05    1.97615101E-04    1.92733500E-04    4.87821054E+00   -3.91943015E-04
     798    2.70000000E-05    1.97615101E-04    1.92733500E-04    4.87821054E+00   -3.91943015E-04
     799    2.70000000E-05    1.97615101E-04    1.92733500E-04    4.87821054E+00   -3.91943015E-04
     800    2.70000000E-05    1.97615101E-04    1.92733500E-04    4.87821054E+00   -3.91943015E-04
     801    2.70000000E-05    1.97615101E-04    1.92733500E-04    4.87821054E+00   -3.91943015E-04
     802    2.70000000E-05    1.97615101E-04    1.92733500E-04    4.87821054E+00   -3.91943015E-04
     803    2.70000000E-05    1.97615101E-04    1.92733500E-04    4.87821054E+00   -3.91943015E-04
     804    2.70000000E-05    1.97615101E-04    1.92733500E-04    4.87821054E+00   -3.91943015E-04
     805    2.70000000E-05    1.97615101E-04    1.92733500E-04    4.87821054E+00   -3.91943015E-04
     806    2.70000000E-05    1.97615101E-04    1.92733500E-04    4.87821054E+00   -3.91943015E-04
     807    2.70000000E-05    1.97615101E-04    1.92733500E-04    4.87821054E+00   -3.91943015E-04
     808    2.80000004E-05    1.97781198E-04    1.92891355E-04    4.88665927E+00   -3.91943032E-04
     809    2.80000004E-05    1.97781198E-04    1.92891355E-04    4.88665927E+00   -3.91943032E-04
     810    2.80000004E-05    1.97781198E-04    1.92891355E-04    4.88665927E+00   -3.91943032E-04
     811    2.80000004E-05    1.97781198E-04    1.92891355E-04    4.88665927E+00   -3.91943032E-04
     812    2.80000004E-05    1.97781198E-04    1.92891355E-04    4.88665927E+00   -3.91943032E-04
     813    2.80000004E-05    1.97781198E-04    1.92891355E-04    4.88665927E+00   -3.91943032E-04
     814    2.80000004E-05    1.97781198E-04    1.92891355E-04    4.88665927E+00   -3.91943032E-04
     815    2.80000004E-05    1.97781198E-04    1.92891355E-04    4.88665927E+00   -3.91943032E-04
     816    2.80000004E-05    1.97781198E-04    1.92891355E-04    4.88665927E+00   -3.91943032E-04
     817    2.80000004E-05    1.97781198E-04    1.92891355E-04    4.88665927E+00   -3.91943032E-04
     818    2.80000004E-05    1.97781198E-04    1.92891355E-04    4.88665927E+00   -3.91943032E-04
     819    2.80000004E-05    1.97781198E-04    1.92891355E-04    4.88665927E+00   -3.91943032E-04
     820    2.80000004E-05    1.97781198E-04    1.92891355E-04    4.88665927E+00   -3.91943032E-04
     821    2.80000004E-05    1.97781198E-04    1.92891355E-04    4.88665927E+00   -3.91943032E-04
     822    2.90000007E-05    1.97930566E-04    1.93033307E-04    4.89426131E+00   -3.91943048E-04
     823    2.90000007E-05    1.97930566E-04    1.93033307E-04    4.89426131E+00   -3.91943048E-04
     824    2.90000007E-05    1.97930566E-04    1.93033307E-04    4.89426131E+00   -3.91943048E-04
     825    2.90000007E-05    1.97930566E-04    1.93033307E-04    4.89426131E+00   -3.91943048E-04
     826    2.90000007E-05    1.97930566E-04    1.93033307E-04    4.89426131E+00   -3.91943048E-04
     827    2.90000007E-05    1.97930566E-04    1.93033307E-04    4.89426131E+00   -3.91943048E-04
     828    2.90000007E-05    1.97930566E-04    1.93033307E-04    4.89426131E+00   -3.91943048E-04
     829    2.90000007E-05    1.97930566E-04    1.93033307E-04    4.89426131E+00   -3.91943048E-04
     830    2.90000007E-05    1.97930566E-04    1.93033307E-04    4.89426131E+00   -3.91943048E-04
     831    2.90000007E-05    1.97930566E-04    1.93033307E-04    4.89426131E+00   -3.91943048E-04
     832    2.90000007E-05    1.97930566E-04    1.93033307E-04    4.89426131E+00   -3.91943048E-04
     833    2.90000007E-05    1.97930566E-04    1.93033307E-04    4.89426131E+00   -3.91943048E-04
     834    2.90000007E-05    1.97930566E-04    1.93033307E-04    4.89426131E+00   -3.91943048E-04
     835    2.99999992E-05    1.98065373E-04    1.93161417E-04    4.90112576E+00   -3.91943062E-04
     836    2.99999992E-05    1.98065373E-04    1.93161417E-04    4.90112576E+00   -3.91943062E-04
     837    2.99999992E-05    1.98065373E-04    1.93161417E-04    4.90112576E+00   -3.91943062E-04
     838    2.99999992E-05    1.98065373E-04    1.93161417E-04    4.90112576E+00   -3.91943062E-04
     839    2.99999992E-05    1.98065373E-04    1.93161417E-04    4.90112576E+00   -3.91943062E-04
     840    2.99999992E-05    1.98065373E-04    1.93161417E-04    4.90112576E+00   -3.91943062E-04
     841    2.99999992E-05    1.98065373E-04    1.93161417E-04    4.90112576E+00   -3.91943062E-04
     842    2.99999992E-05    1.98065373E-04    1.93161417E-04    4.90112576E+00   -3.91943062E-04
     843    2.99999992E-05    1.98065373E-04    1.93161417E-04    4.90112576E+00   -3.91943062E-04
     844    2.99999992E-05    1.98065373E-04    1.93161417E-04    4.90112576E+00   -3.91943062E-04
     845    2.99999992E-05    1.98065373E-04    1.93161417E-04    4.90112576E+00   -3.91943062E-04
     846    2.99999992E-05    1.98065373E-04    1.93161417E-04    4.90112576E+00   -3.91943062E-04
     847    3.09999996E-05    1.98187449E-04    1.93277427E-04    4.90734479E+00   -3.91943075E-04
     848    3.09999996E-05    1.98187449E-04    1.93277427E-04    4.90734479E+00   -3.91943075E-04
     849    3.09999996E-05    1.98187449E-04    1.93277427E-04    4.90734479E+00   -3.91943075E-04
     850    3.09999996E-05    1.98187449E-04    1.93277427E-04    4.90734479E+00   -3.91943075E-04
     851    3.09999996E-05    1.98187449E-04    1.93277427E-04    4.90734479E+00   -3.91943075E-04
     852    3.09999996E-05    1.98187449E-04    1.93277427E-04    4.90734479E+00   -3.91943075E-04
     853    3.09999996E-05    1.98187449E-04    1.93277427E-04    4.90734479E+00   -3.91943075E-04
     854    3.09999996E-05    1.98187449E-04    1.93277427E-04    4.90734479E+00   -3.91943075E-04
     855    3.09999996E-05    1.98187449E-04    1.93277427E-04    4.90734479E+00   -3.91943075E-04
     856    3.09999996E-05    1.98187449E-04    1.93277427E-04    4.90734479E+00   -3.91943075E-04
     857    3.09999996E-05    1.98187449E-04    1.93277427E-04    4.90734479E+00   -3.91943075E-04
     858    3.19999999E-05    1.98298346E-04    1.93382810E-04    4.91299660E+00   -3.91943087E-04
     859    3.19999999E-05    1.98298346E-04    1.93382810E-04    4.91299660E+00   -3.91943087E-04
     860    3.19999999E-05    1.98298346E-04    1.93382810E-04    4.91299660E+00   -3.91943087E-04
     861    3.19999999E-05    1.98298346E-04    1.93382810E-04    4.91299660E+00   -3.91943087E-04
     862    3.19999999E-05    1.98298346E-04    1.93382810E-04    4.91299660E+00   -3.91943087E-04
     863    3.19999999E-05    1.98298346E-04    1.93382810E-04    4.91299660E+00   -3.91943087E-04
     864    3.19999999E-05    1.98298346E-04    1.93382810E-04    4.91299660E+00   -3.91943087E-04
     865    3.19999999E-05    1.98298346E-04    1.93382810E-04    4.91299660E+00   -3.91943087E-04
     866    3.19999999E-05    1.98298346E-04    1.93382810E-04    4.91299660E+00   -3.91943087E-04
     867    3.19999999E-05    1.98298346E-04    1.93382810E-04    4.91299660E+00   -3.91943087E-04
     868    3.30000003E-05    1.98399384E-04    1.93478824E-04    4.91814796E+00   -3.91943097E-04
     869    3.30000003E-05    1.98399384E-04    1.93478824E-04    4.91814796E+00   -3.91943097E-04
     870    3.30000003E-05    1.98399384E-04    1.93478824E-04    4.91814796E+00   -3.91943097E-04
     871    3.30000003E-05    1.98399384E-04    1.93478824E-04    4.91814796E+00   -3.91943097E-04
     872    3.30000003E-05    1.98399384E-04    1.93478824E-04    4.91814796E+00   -3.91943097E-04
     873    3.30000003E-05    1.98399384E-04    1.93478824E-04    4.91814796E+00   -3.91943097E-04
     874    3.30000003E-05    1.98399384E-04    1.93478824E-04    4.91814796E+00   -3.91943097E-04
     875    3.30000003E-05    1.98399384E-04    1.93478824E-04    4.91814796E+00   -3.91943097E-04
     876    3.30000003E-05    1.98399384E-04    1.93478824E-04    4.91814796E+00   -3.91943097E-04
     877    3.40000006E-05    1.98491698E-04    1.93566545E-04    4.92285610E+00   -3.91943107E-04
     878    3.40000006E-05    1.98491698E-04    1.93566545E-04    4.92285610E+00   -3.91943107E-04
     879    3.40000006E-05    1.98491698E-04    1.93566545E-04    4.92285610E+00   -3.91943107E-04
     880    3.40000006E-05    1.98491698E-04    1.93566545E-04    4.92285610E+00   -3.91943107E-04
     881    3.40000006E-05    1.98491698E-04    1.93566545E-04    4.92285610E+00   -3.91943107E-04
     882    3.40000006E-05    1.98491698E-04    1.93566545E-04    4.92285610E+00   -3.91943107E-04
     883    3.40000006E-05    1.98491698E-04    1.93566545E-04    4.92285610E+00   -3.91943107E-04
     884    3.40000006E-05    1.98491698E-04    1.93566545E-04    4.92285610E+00   -3.91943107E-04
     885    3.40000006E-05    1.98491698E-04    1.93566545E-04    4.92285610E+00   -3.91943107E-04
     886    3.50000009E-05    1.98576261E-04    1.93646901E-04    4.92717034E+00   -3.91943116E-04
     887    3.50000009E-05    1.98576261E-04    1.93646901E-04    4.92717034E+00   -3.91943116E-04
     888    3.50000009E-05    1.98576261E-04    1.93646901E-04    4.92717034E+00   -3.91943116E-04
     889    3.50000009E-05    1.98576261E-04    1.93646901E-04    4.92717034E+00   -3.91943116E-04
     890    3.50000009E-05    1.98576261E-04    1.93646901E-04    4.92717034E+00   -3.91943116E-04
     891    3.50000009E-05    1.98576261E-04    1.93646901E-04    4.92717034E+00   -3.91943116E-04
     892    3.50000009E-05    1.98576261E-04    1.93646901E-04    4.92717034E+00   -3.91943116E-04
     893    3.50000009E-05    1.98576261E-04    1.93646901E-04    4.92717034E+00   -3.91943116E-04
     894    3.60000013E-05    1.98653917E-04    1.93720692E-04    4.93113331E+00   -3.91943124E-04
     895    3.60000013E-05    1.98653917E-04    1.93720692E-04    4.93113331E+00   -3.91943124E-04
     896    3.60000013E-05    1.98653917E-04    1.93720692E-04    4.93113331E+00   -3.91943124E-04
     897    3.60000013E-05    1.98653917E-04    1.93720692E-04    4.93113331E+00   -3.91943124E-04
     898    3.60000013E-05    1.98653917E-04    1.93720692E-04    4.93113331E+00   -3.91943124E-04
     899    3.60000013E-05    1.98653917E-04    1.93720692E-04    4.93113331E+00   -3.91943124E-04
     900    3.60000013E-05    1.98653917E-04    1.93720692E-04    4.93113331E+00   -3.91943124E-04
     901    3.70000016E-05    1.98725397E-04    1.93788613E-04    4.93478207E+00   -3.91943131E-04
     902    3.70000016E-05    1.98725397E-04    1.93788613E-04    4.93478207E+00   -3.91943131E-04
     903    3.70000016E-05    1.98725397E-04    1.93788613E-04    4.93478207E+00   -3.91943131E-04
     904    3.70000016E-05    1.98725397E-04    1.93788613E-04    4.93478207E+00   -3.91943131E-04
     905    3.70000016E-05    1.98725397E-04    1.93788613E-04    4.93478207E+00   -3.91943131E-04
     906    3.70000016E-05    1.98725397E-04    1.93788613E-04    4.93478207E+00   -3.91943131E-04
     907    3.70000016E-05    1.98725397E-04    1.93788613E-04    4.93478207E+00   -3.91943131E-04
     908    3.79999983E-05    1.98791338E-04    1.93851271E-04    4.93814890E+00   -3.91943138E-04
     909    3.79999983E-05    1.98791338E-04    1.93851271E-04    4.93814890E+00   -3.91943138E-04
     910    3.79999983E-05    1.98791338E-04    1.93851271E-04    4.93814890E+00   -3.91943138E-04
     911    3.79999983E-05    1.98791338E-04    1.93851271E-04    4.93814890E+00   -3.91943138E-04
     912    3.79999983E-05    1.98791338E-04    1.93851271E-04    4.93814890E+00   -3.91943138E-04
     913    3.79999983E-05    1.98791338E-04    1.93851271E-04    4.93814890E+00   -3.91943138E-04
     914    3.89999987E-05    1.98852298E-04    1.93909194E-04    4.94126209E+00   -3.91943145E-04
     915    3.89999987E-05    1.98852298E-04    1.93909194E-04    4.94126209E+00   -3.91943145E-04
     916    3.89999987E-05    1.98852298E-04    1.93909194E-04    4.94126209E+00   -3.91943145E-04
     917    3.89999987E-05    1.98852298E-04    1.93909194E-04    4.94126209E+00   -3.91943145E-04
     918    3.89999987E-05    1.98852298E-04    1.93909194E-04    4.94126209E+00   -3.91943145E-04
     919    3.89999987E-05    1.98852298E-04    1.93909194E-04    4.94126209E+00   -3.91943145E-04
     920    3.99999990E-05    1.98908764E-04    1.93962847E-04    4.94414642E+00   -3.91943150E-04
     921    3.99999990E-05    1.98908764E-04    1.93962847E-04    4.94414642E+00   -3.91943150E-04
     922    3.99999990E-05    1.98908764E-04    1.93962847E-04    4.94414642E+00   -3.91943150E-04
     923    3.99999990E-05    1.98908764E-04    1.93962847E-04    4.94414642E+00   -3.91943150E-04
     924    3.99999990E-05    1.98908764E-04    1.93962847E-04    4.94414642E+00   -3.91943150E-04
     925    4.09999993E-05    1.98961169E-04    1.94012640E-04    4.94682375E+00   -3.91943156E-04
     926    4.09999993E-05    1.98961169E-04    1.94012640E-04    4.94682375E+00   -3.91943156E-04
     927    4.09999993E-05    1.98961169E-04    1.94012640E-04    4.94682375E+00   -3.91943156E-04
     928    4.09999993E-05    1.98961169E-04    1.94012640E-04    4.94682375E+00   -3.91943156E-04
     929    4.09999993E-05    1.98961169E-04    1.94012640E-04    4.94682375E+00   -3.91943156E-04
     930    4.19999997E-05    1.99009890E-04    1.94058934E-04    4.94931340E+00   -3.91943161E-04
     931    4.19999997E-05    1.99009890E-04    1.94058934E-04    4.94931340E+00   -3.91943161E-04
     932    4.19999997E-05    1.99009890E-04    1.94058934E-04    4.94931340E+00   -3.91943161E-04
     933    4.19999997E-05    1.99009890E-04    1.94058934E-04    4.94931340E+00   -3.91943161E-04
     934    4.19999997E-05    1.99009890E-04    1.94058934E-04    4.94931340E+00   -3.91943161E-04
     935    4.30000000E-05    1.99055267E-04    1.94102048E-04    4.95163248E+00   -3.91943166E-04
     936    4.30000000E-05    1.99055267E-04    1.94102048E-04    4.95163248E+00   -3.91943166E-04
     937    4.30000000E-05    1.99055267E-04    1.94102048E-04    4.95163248E+00   -3.91943166E-04
     938    4.30000000E-05    1.99055267E-04    1.94102048E-04    4.95163248E+00   -3.91943166E-04
     939    4.40000003E-05    1.99097596E-04    1.94142268E-04    4.95379619E+00   -3.91943170E-04
     940    4.40000003E-05    1.99097596E-04    1.94142268E-04    4.95379619E+00   -3.91943170E-04
     941    4.40000003E-05    1.99097596E-04    1.94142268E-04    4.95379619E+00   -3.91943170E-04
     942    4.40000003E-05    1.99097596E-04    1.94142268E-04    4.95379619E+00   -3.91943170E-04
     943    4.50000007E-05    1.99137146E-04    1.94179846E-04    4.95581811E+00   -3.91943174E-04
     944    4.50000007E-05    1.99137146E-04    1.94179846E-04    4.95581811E+00   -3.91943174E-04
     945    4.50000007E-05    1.99137146E-04    1.94179846E-04    4.95581811E+00   -3.91943174E-04
     946    4.50000007E-05    1.99137146E-04    1.94179846E-04    4.95581811E+00   -3.91943174E-04
     947    4.60000010E-05    1.99174154E-04    1.94215009E-04    4.95771032E+00   -3.91943178E-04
     948    4.60000010E-05    1.99174154E-04    1.94215009E-04    4.95771032E+00   -3.91943178E-04
     949    4.60000010E-05    1.99174154E-04    1.94215009E-04    4.95771032E+00   -3.91943178E-04
     950    4.60000010E-05    1.99174154E-04    1.94215009E-04    4.95771032E+00   -3.91943178E-04
     951    4.70000014E-05    1.99208833E-04    1.94247958E-04    4.95948368E+00   -3.91943181E-04
     952    4.70000014E-05    1.99208833E-04    1.94247958E-04    4.95948368E+00   -3.91943181E-04
     953    4.70000014E-05    1.99208833E-04    1.94247958E-04    4.95948368E+00   -3.91943181E-04
     954    4.80000017E-05    1.99241375E-04    1.94278877E-04    4.96114793E+00   -3.91943185E-04
     955    4.80000017E-05    1.99241375E-04    1.94278877E-04    4.96114793E+00   -3.91943185E-04
     956    4.80000017E-05    1.99241375E-04    1.94278877E-04    4.96114793E+00   -3.91943185E-04
     957    4.89999984E-05    1.99271950E-04    1.94307927E-04    4.96271182E+00   -3.91943188E-04
     958    4.89999984E-05    1.99271950E-04    1.94307927E-04    4.96271182E+00   -3.91943188E-04
     959    4.89999984E-05    1.99271950E-04    1.94307927E-04    4.96271182E+00   -3.91943188E-04
     960    4.99999987E-05    1.99300715E-04    1.94335258E-04    4.96418327E+00   -3.91943191E-04
     961    4.99999987E-05    1.99300715E-04    1.94335258E-04    4.96418327E+00   -3.91943191E-04
     962    4.99999987E-05    1.99300715E-04    1.94335258E-04    4.96418327E+00   -3.91943191E-04
     963    5.09999991E-05    1.99327810E-04    1.94361001E-04    4.96556940E+00   -3.91943194E-04
     964    5.09999991E-05    1.99327810E-04    1.94361001E-04    4.96556940E+00   -3.91943194E-04
     965    5.19999994E-05    1.99353361E-04    1.94385277E-04    4.96687667E+00   -3.91943196E-04
     966    5.19999994E-05    1.99353361E-04    1.94385277E-04    4.96687667E+00   -3.91943196E-04
     967    5.20864221E-05    1.99355501E-04    1.94387310E-04    4.96698614E+00   -3.91943197E-04
     968    5.29999998E-05    1.99377483E-04    1.94408196E-04    4.96811096E+00   -3.91943199E-04
     969    5.29999998E-05    1.99377483E-04    1.94408196E-04    4.96811096E+00   -3.91943199E-04
     970    5.40000001E-05    1.99400282E-04    1.94429856E-04    4.96927759E+00   -3.91943201E-04
     971    5.40000001E-05    1.99400282E-04    1.94429856E-04    4.96927759E+00   -3.91943201E-04
     972    5.50000004E-05    1.99421851E-04    1.94450349E-04    4.97038141E+00   -3.91943203E-04
     973    5.50000004E-05    1.99421851E-04    1.94450349E-04    4.97038141E+00   -3.91943203E-04
     974    5.60000008E-05    1.99442277E-04    1.94469756E-04    4.97142684E+00   -3.91943205E-04
     975    5.60000008E-05    1.99442277E-04    1.94469756E-04    4.97142684E+00   -3.91943205E-04
     976    5.70000011E-05    1.99461641E-04    1.94488153E-04    4.97241794E+00   -3.91943207E-04
     977    5.70000011E-05    1.99461641E-04    1.94488153E-04    4.97241794E+00   -3.91943207E-04
     978    5.80000014E-05    1.99480014E-04    1.94505609E-04    4.97335839E+00   -3.91943209E-04
     979    5.80000014E-05    1.99480014E-04    1.94505609E-04    4.97335839E+00   -3.91943209E-04
     980    5.89999981E-05    1.99497463E-04    1.94522187E-04    4.97425159E+00   -3.91943211E-04
     981    5.99999985E-05    1.99514048E-04    1.94537944E-04    4.97510065E+00   -3.91943213E-04
     982    6.09999988E-05    1.99529826E-04    1.94552935E-04    4.97590842E+00   -3.91943214E-04
     983    6.19999992E-05    1.99544848E-04    1.94567207E-04    4.97667755E+00   -3.91943216E-04
     984    6.29999995E-05    1.99559162E-04    1.94580806E-04    4.97741045E+00   -3.91943217E-04
     985    6.39999998E-05    1.99572812E-04    1.94593774E-04    4.97810936E+00   -3.91943219E-04
     986    6.50000002E-05    1.99585838E-04    1.94606150E-04    4.97877635E+00   -3.91943220E-04
     987    6.60000005E-05    1.99598277E-04    1.94617967E-04    4.97941333E+00   -3.91943221E-04
     988    6.70000009E-05    1.99610164E-04    1.94629261E-04    4.98002209E+00   -3.91943223E-04
     989    6.80000012E-05    1.99621531E-04    1.94640061E-04    4.98060425E+00   -3.91943224E-04
     990    6.90000015E-05    1.99632409E-04    1.94650395E-04    4.98116134E+00   -3.91943225E-04
     991    7.00000019E-05    1.99642824E-04    1.94660291E-04    4.98169479E+00   -3.91943226E-04
     992    7.10000022E-05    1.99652803E-04    1.94669771E-04    4.98220591E+00   -3.91943227E-04
     993    7.20000025E-05    1.99662370E-04    1.94678860E-04    4.98269593E+00   -3.91943228E-04
     994    7.30000029E-05    1.99671547E-04    1.94687579E-04    4.98316599E+00   -3.91943229E-04
     995    7.40000032E-05    1.99680355E-04    1.94695947E-04    4.98361717E+00   -3.91943230E-04
     996    7.49999963E-05    1.99688814E-04    1.94703983E-04    4.98405045E+00   -3.91943231E-04
     997    7.59999966E-05    1.99696941E-04    1.94711704E-04    4.98446678E+00   -3.91943231E-04
     998    7.69999970E-05    1.99704754E-04    1.94719127E-04    4.98486703E+00   -3.91943232E-04
     999    8.03323287E-05    1.99728719E-04    1.94741895E-04    4.98609481E+00   -3.91943235E-04
    1000    9.38736775E-05    1.99801292E-04    1.94810842E-04    4.98981344E+00   -3.91943242E-04
