 % Time.............:    4.7999999878811650E-004
 % Distribution.....:            0
 % Fluid flag.......:            0
 % Vaporization flag:            1
  %     ID      Diameter         X position        Y position         X velocity       Y velocity
       1    2.42870841E-06    1.20779052E-04    1.20778877E-04    6.05962518E-10   -1.74787708E-04
       2    3.58165460E-06    2.11201792E-04    2.11201368E-04    4.26927900E-05   -3.80050589E-04
       3    3.58165460E-06    2.11201792E-04    2.11201368E-04    4.26927900E-05   -3.80050589E-04
       4    4.66163184E-06    3.24907330E-04    3.24903150E-04    3.48422842E-03   -6.41102996E-04
       5    4.66163184E-06    3.24907330E-04    3.24903150E-04    3.48422842E-03   -6.41102996E-04
       6    4.66163184E-06    3.24907330E-04    3.24903150E-04    3.48422842E-03   -6.41102996E-04
       7    5.71108484E-06    4.58755711E-04    4.58722105E-04    3.23237447E-02   -9.43242860E-04
       8    5.71108484E-06    4.58755711E-04    4.58722105E-04    3.23237447E-02   -9.43242860E-04
       9    5.71108484E-06    4.58755711E-04    4.58722105E-04    3.23237447E-02   -9.43242860E-04
      10    5.71108484E-06    4.58755711E-04    4.58722105E-04    3.23237447E-02   -9.43242860E-04
      11    6.74515748E-06    6.05125188E-04    6.05004843E-04    1.18185582E-01   -1.26096846E-03
      12    6.74515748E-06    6.05125188E-04    6.05004843E-04    1.18185582E-01   -1.26096846E-03
      13    6.74515748E-06    6.05125188E-04    6.05004843E-04    1.18185582E-01   -1.26096846E-03
      14    6.74515748E-06    6.05125188E-04    6.05004843E-04    1.18185582E-01   -1.26096846E-03
      15    6.74515748E-06    6.05125188E-04    6.05004843E-04    1.18185582E-01   -1.26096846E-03
      16    7.77045465E-06    7.54381577E-04    7.54107847E-04    2.70583426E-01   -1.57159001E-03
      17    7.77045465E-06    7.54381577E-04    7.54107847E-04    2.70583426E-01   -1.57159001E-03
      18    7.77045465E-06    7.54381577E-04    7.54107847E-04    2.70583426E-01   -1.57159001E-03
      19    7.77045465E-06    7.54381577E-04    7.54107847E-04    2.70583426E-01   -1.57159001E-03
      20    7.77045465E-06    7.54381577E-04    7.54107847E-04    2.70583426E-01   -1.57159001E-03
      21    8.79023990E-06    8.98700907E-04    8.98220337E-04    4.76497443E-01   -1.86158677E-03
      22    8.79023990E-06    8.98700907E-04    8.98220337E-04    4.76497443E-01   -1.86158677E-03
      23    8.79023990E-06    8.98700907E-04    8.98220337E-04    4.76497443E-01   -1.86158677E-03
      24    8.79023990E-06    8.98700907E-04    8.98220337E-04    4.76497443E-01   -1.86158677E-03
      25    8.79023990E-06    8.98700907E-04    8.98220337E-04    4.76497443E-01   -1.86158677E-03
      26    9.80629103E-06    1.03334218E-03    1.03262190E-03    7.15426017E-01   -2.12514925E-03
      27    9.80629103E-06    1.03334218E-03    1.03262190E-03    7.15426017E-01   -2.12514925E-03
      28    9.80629103E-06    1.03334218E-03    1.03262190E-03    7.15426017E-01   -2.12514925E-03
      29    9.80629103E-06    1.03334218E-03    1.03262190E-03    7.15426017E-01   -2.12514925E-03
      30    9.80629103E-06    1.03334218E-03    1.03262190E-03    7.15426017E-01   -2.12514925E-03
      31    1.08196652E-05    1.15615109E-03    1.15517667E-03    9.68952756E-01   -2.36113922E-03
      32    1.08196652E-05    1.15615109E-03    1.15517667E-03    9.68952756E-01   -2.36113922E-03
      33    1.08196652E-05    1.15615109E-03    1.15517667E-03    9.68952756E-01   -2.36113922E-03
      34    1.08196652E-05    1.15615109E-03    1.15517667E-03    9.68952756E-01   -2.36113922E-03
      35    1.08196652E-05    1.15615109E-03    1.15517667E-03    9.68952756E-01   -2.36113922E-03
      36    1.17904317E-05    1.26245137E-03    1.26123193E-03    1.21352402E+00   -2.56286710E-03
      37    1.18310328E-05    1.26665798E-03    1.26542839E-03    1.22365739E+00   -2.57081082E-03
      38    1.18310328E-05    1.26665798E-03    1.26542839E-03    1.22365739E+00   -2.57081082E-03
      39    1.18310328E-05    1.26665798E-03    1.26542839E-03    1.22365739E+00   -2.57081082E-03
      40    1.18310328E-05    1.26665798E-03    1.26542839E-03    1.22365739E+00   -2.57081082E-03
      41    1.28408448E-05    1.36533786E-03    1.36386070E-03    1.47088297E+00   -2.75646267E-03
      42    1.28408448E-05    1.36533786E-03    1.36386070E-03    1.47088297E+00   -2.75646267E-03
      43    1.28408448E-05    1.36533786E-03    1.36386070E-03    1.47088297E+00   -2.75646267E-03
      44    1.28408448E-05    1.36533786E-03    1.36386070E-03    1.47088297E+00   -2.75646267E-03
      45    1.38494215E-05    1.45312339E-03    1.45141129E-03    1.70560109E+00   -2.92071710E-03
      46    1.38494215E-05    1.45312339E-03    1.45141129E-03    1.70560109E+00   -2.92071710E-03
      47    1.38494215E-05    1.45312339E-03    1.45141129E-03    1.70560109E+00   -2.92071710E-03
      48    1.38494215E-05    1.45312339E-03    1.45141129E-03    1.70560109E+00   -2.92071710E-03
      49    1.48569936E-05    1.53111689E-03    1.52918495E-03    1.92527520E+00   -3.06616046E-03
      50    1.48569936E-05    1.53111689E-03    1.52918495E-03    1.92527520E+00   -3.06616046E-03
      51    1.48569936E-05    1.53111689E-03    1.52918495E-03    1.92527520E+00   -3.06616046E-03
      52    1.48569936E-05    1.53111689E-03    1.52918495E-03    1.92527520E+00   -3.06616046E-03
      53    1.58637380E-05    1.60043421E-03    1.59829848E-03    2.12897821E+00   -3.19518221E-03
      54    1.58637380E-05    1.60043421E-03    1.59829848E-03    2.12897821E+00   -3.19518221E-03
      55    1.58637380E-05    1.60043421E-03    1.59829848E-03    2.12897821E+00   -3.19518221E-03
      56    1.58637380E-05    1.60043421E-03    1.59829848E-03    2.12897821E+00   -3.19518221E-03
      57    1.68697886E-05    1.66212591E-03    1.65980233E-03    2.31676912E+00   -3.30991416E-03
      58    1.68697886E-05    1.66212591E-03    1.65980233E-03    2.31676912E+00   -3.30991416E-03
      59    1.68697886E-05    1.66212591E-03    1.65980233E-03    2.31676912E+00   -3.30991416E-03
      60    1.78752515E-05    1.71714363E-03    1.71464752E-03    2.48927912E+00   -3.41222251E-03
      61    1.78752515E-05    1.71714363E-03    1.71464752E-03    2.48927912E+00   -3.41222251E-03
      62    1.78752515E-05    1.71714363E-03    1.71464752E-03    2.48927912E+00   -3.41222251E-03
      63    1.82452833E-05    1.73588866E-03    1.73333270E-03    2.54912096E+00   -3.44708727E-03
      64    1.88802096E-05    1.76633023E-03    1.76367596E-03    2.64744380E+00   -3.50372313E-03
      65    1.88802096E-05    1.76633023E-03    1.76367596E-03    2.64744380E+00   -3.50372313E-03
      66    1.88802096E-05    1.76633023E-03    1.76367596E-03    2.64744380E+00   -3.50372313E-03
      67    1.98847354E-05    1.81042280E-03    1.80762366E-03    2.79233678E+00   -3.58580753E-03
      68    1.98847354E-05    1.81042280E-03    1.80762366E-03    2.79233678E+00   -3.58580753E-03
      69    1.98847354E-05    1.81042280E-03    1.80762366E-03    2.79233678E+00   -3.58580753E-03
      70    2.08888834E-05    1.85006059E-03    1.84712876E-03    2.92506589E+00   -3.65966987E-03
      71    2.08888834E-05    1.85006059E-03    1.84712876E-03    2.92506589E+00   -3.65966987E-03
      72    2.18927005E-05    1.88579605E-03    1.88274262E-03    3.04671450E+00   -3.72633468E-03
      73    2.18927005E-05    1.88579605E-03    1.88274262E-03    3.04671450E+00   -3.72633468E-03
      74    2.28962260E-05    1.91810566E-03    1.91494068E-03    3.15830802E+00   -3.78668129E-03
      75    2.28962260E-05    1.91810566E-03    1.91494068E-03    3.15830802E+00   -3.78668129E-03
      76    2.38994930E-05    1.94740025E-03    1.94413283E-03    3.26079751E+00   -3.84146546E-03
      77    2.38994930E-05    1.94740025E-03    1.94413283E-03    3.26079751E+00   -3.84146546E-03
      78    2.49025279E-05    1.97403430E-03    1.97067269E-03    3.35505329E+00   -3.89133794E-03
      79    2.49025279E-05    1.97403430E-03    1.97067269E-03    3.35505329E+00   -3.89133794E-03
      80    2.59053586E-05    1.99831430E-03    1.99486593E-03    3.44186547E+00   -3.93686071E-03
      81    2.59053586E-05    1.99831430E-03    1.99486593E-03    3.44186547E+00   -3.93686071E-03
      82    2.69080041E-05    2.02050545E-03    2.01697706E-03    3.52194630E+00   -3.97851986E-03
      83    2.79104825E-05    2.04083796E-03    2.03723564E-03    3.59593603E+00   -4.01673730E-03
      84    2.89128097E-05    2.05951211E-03    2.05584137E-03    3.66440874E+00   -4.05188022E-03
      85    2.99149975E-05    2.07670253E-03    2.07296838E-03    3.72787843E+00   -4.08426901E-03
      86    3.09170618E-05    2.09256205E-03    2.08876902E-03    3.78680549E+00   -4.11418424E-03
      87    3.19190116E-05    2.10722458E-03    2.10337680E-03    3.84160171E+00   -4.14187204E-03
      88    3.29208565E-05    2.12080790E-03    2.11690913E-03    3.89263599E+00   -4.16754907E-03
      89    3.39226048E-05    2.13341582E-03    2.12946950E-03    3.94023896E+00   -4.19140655E-03
      90    3.49242642E-05    2.14514013E-03    2.14114939E-03    3.98470726E+00   -4.21361370E-03
      91    3.59258416E-05    2.15606215E-03    2.15202986E-03    4.02630735E+00   -4.23432065E-03
      92    3.62311192E-05    2.15924303E-03    2.15519860E-03    4.03845446E+00   -4.24035485E-03
      93    3.69273430E-05    2.16625413E-03    2.16218290E-03    4.06527888E+00   -4.25366093E-03
      94    3.79287704E-05    2.17578038E-03    2.17167263E-03    4.10183758E+00   -4.27175356E-03
      95    3.89301359E-05    2.18469839E-03    2.18055634E-03    4.13617840E+00   -4.28870508E-03
      96    3.99314405E-05    2.19305954E-03    2.18888523E-03    4.16847711E+00   -4.30461075E-03
      97    4.09326884E-05    2.20090991E-03    2.19670522E-03    4.19889280E+00   -4.31955616E-03
      98    9.30404343E-05    2.34499598E-03    2.34021813E-03    4.77280403E+00   -4.59618506E-03
      99    9.49955861E-05    2.34674345E-03    2.34195846E-03    4.77995009E+00   -4.59957226E-03
     100    9.98174894E-05    2.35067828E-03    2.34587721E-03    4.79605792E+00   -4.60720280E-03
