 % Time.............:    1.2999999967178155E-004
 % Distribution.....:            0
 % Fluid flag.......:            0
 % Vaporization flag:            1
 % Temperature flag.:   -1.32555305E+24
 %    ID      Diameter         X position        Y position        X velocity       Y velocity           Mass            Temperature
       1    2.84851910E-06    1.20260639E-04    1.20237486E-04    2.19618025E-02   -2.37244074E-04    1.21019692E-14    3.08000000E+02
       2    3.37790889E-06    1.60735860E-04    1.60636673E-04    9.59152219E-02   -3.23554584E-04    2.01809882E-14    3.08000000E+02
       3    3.88175235E-06    2.01032048E-04    2.00791541E-04    2.34619671E-01   -4.06988787E-04    3.06254240E-14    3.08000000E+02
       4    3.88175235E-06    2.01032048E-04    2.00791541E-04    2.34619671E-01   -4.06988787E-04    3.06254240E-14    3.08000000E+02
       5    4.90157057E-06    2.79072571E-04    2.78383635E-04    6.78227589E-01   -5.63011666E-04    6.16601268E-14    3.08000000E+02
       6    4.90157057E-06    2.79072571E-04    2.78383635E-04    6.78227589E-01   -5.63011666E-04    6.16601268E-14    3.08000000E+02
       7    4.90157057E-06    2.79072571E-04    2.78383635E-04    6.78227589E-01   -5.63011666E-04    6.16601268E-14    3.08000000E+02
       8    5.91507182E-06    3.44876237E-04    3.43656327E-04    1.20646660E+00   -6.90767553E-04    1.08362422E-13    3.08000000E+02
       9    5.91507182E-06    3.44876237E-04    3.43656327E-04    1.20646660E+00   -6.90767553E-04    1.08362422E-13    3.08000000E+02
      10    5.91507182E-06    3.44876237E-04    3.43656327E-04    1.20646660E+00   -6.90767553E-04    1.08362422E-13    3.08000000E+02
      11    5.91507182E-06    3.44876237E-04    3.43656327E-04    1.20646660E+00   -6.90767553E-04    1.08362422E-13    3.08000000E+02
      12    6.92498724E-06    3.97409668E-04    3.95681415E-04    1.71384376E+00   -7.91308779E-04    1.73882377E-13    3.08000000E+02
      13    6.92498724E-06    3.97409668E-04    3.95681415E-04    1.71384376E+00   -7.91308779E-04    1.73882377E-13    3.08000000E+02
      14    6.92498724E-06    3.97409668E-04    3.95681415E-04    1.71384376E+00   -7.91308779E-04    1.73882377E-13    3.08000000E+02
      15    6.92498724E-06    3.97409668E-04    3.95681415E-04    1.71384376E+00   -7.91308779E-04    1.73882377E-13    3.08000000E+02
      16    6.92498724E-06    3.97409668E-04    3.95681415E-04    1.71384376E+00   -7.91308779E-04    1.73882377E-13    3.08000000E+02
      17    7.93262822E-06    4.38688756E-04    4.36514541E-04    2.15988238E+00   -8.69816375E-04    2.61366508E-13    3.08000000E+02
      18    7.93262822E-06    4.38688756E-04    4.36514541E-04    2.15988238E+00   -8.69816375E-04    2.61366508E-13    3.08000000E+02
      19    7.93262822E-06    4.38688756E-04    4.36514541E-04    2.15988238E+00   -8.69816375E-04    2.61366508E-13    3.08000000E+02
      20    7.93262822E-06    4.38688756E-04    4.36514541E-04    2.15988238E+00   -8.69816375E-04    2.61366508E-13    3.08000000E+02
      21    7.93262822E-06    4.38688756E-04    4.36514541E-04    2.15988238E+00   -8.69816375E-04    2.61366508E-13    3.08000000E+02
      22    8.93871959E-06    4.71158313E-04    4.68606842E-04    2.53773910E+00   -9.31433498E-04    3.73959504E-13    3.08000000E+02
      23    8.93871959E-06    4.71158313E-04    4.68606842E-04    2.53773910E+00   -9.31433498E-04    3.73959504E-13    3.08000000E+02
      24    8.93871959E-06    4.71158313E-04    4.68606842E-04    2.53773910E+00   -9.31433498E-04    3.73959504E-13    3.08000000E+02
      25    8.93871959E-06    4.71158313E-04    4.68606842E-04    2.53773910E+00   -9.31433498E-04    3.73959504E-13    3.08000000E+02
      26    8.93871959E-06    4.71158313E-04    4.68606842E-04    2.53773910E+00   -9.31433498E-04    3.73959504E-13    3.08000000E+02
      27    9.94369950E-06    4.96907866E-04    4.94041560E-04    2.85339766E+00   -9.80290057E-04    5.14804824E-13    3.08000000E+02
      28    9.94369950E-06    4.96907866E-04    4.94041560E-04    2.85339766E+00   -9.80290057E-04    5.14804824E-13    3.08000000E+02
      29    9.94369950E-06    4.96907866E-04    4.94041560E-04    2.85339766E+00   -9.80290057E-04    5.14804824E-13    3.08000000E+02
      30    9.94369950E-06    4.96907866E-04    4.94041560E-04    2.85339766E+00   -9.80290057E-04    5.14804824E-13    3.08000000E+02
      31    9.94369950E-06    4.96907866E-04    4.94041560E-04    2.85339766E+00   -9.80290057E-04    5.14804824E-13    3.08000000E+02
      32    1.09478545E-05    5.17552291E-04    5.14423952E-04    3.11631789E+00   -1.01949294E-03    6.87045795E-13    3.08000000E+02
      33    1.09478545E-05    5.17552291E-04    5.14423952E-04    3.11631789E+00   -1.01949294E-03    6.87045795E-13    3.08000000E+02
      34    1.09478545E-05    5.17552291E-04    5.14423952E-04    3.11631789E+00   -1.01949294E-03    6.87045795E-13    3.08000000E+02
      35    1.09478545E-05    5.17552291E-04    5.14423952E-04    3.11631789E+00   -1.01949294E-03    6.87045795E-13    3.08000000E+02
      36    1.09478545E-05    5.17552291E-04    5.14423952E-04    3.11631789E+00   -1.01949294E-03    6.87045795E-13    3.08000000E+02
      37    1.19513774E-05    5.34297679E-04    5.30950680E-04    3.33584790E+00   -1.05133302E-03    8.93825031E-13    3.08000000E+02
      38    1.19513774E-05    5.34297679E-04    5.30950680E-04    3.33584790E+00   -1.05133302E-03    8.93825031E-13    3.08000000E+02
      39    1.19513774E-05    5.34297679E-04    5.30950680E-04    3.33584790E+00   -1.05133302E-03    8.93825031E-13    3.08000000E+02
      40    1.19513774E-05    5.34297679E-04    5.30950680E-04    3.33584790E+00   -1.05133302E-03    8.93825031E-13    3.08000000E+02
      41    1.29544039E-05    5.48037123E-04    5.44506703E-04    3.52008415E+00   -1.07749632E-03    1.13828480E-12    3.08000000E+02
      42    1.29544039E-05    5.48037123E-04    5.44506703E-04    3.52008415E+00   -1.07749632E-03    1.13828480E-12    3.08000000E+02
      43    1.29544039E-05    5.48037123E-04    5.44506703E-04    3.52008415E+00   -1.07749632E-03    1.13828480E-12    3.08000000E+02
      44    1.29544039E-05    5.48037123E-04    5.44506703E-04    3.52008415E+00   -1.07749632E-03    1.13828480E-12    3.08000000E+02
      45    1.39570356E-05    5.59433639E-04    5.55748371E-04    3.67567931E+00   -1.09923120E-03    1.42356791E-12    3.08000000E+02
      46    1.39570356E-05    5.59433639E-04    5.55748371E-04    3.67567931E+00   -1.09923120E-03    1.42356791E-12    3.08000000E+02
      47    1.39570356E-05    5.59433639E-04    5.55748371E-04    3.67567931E+00   -1.09923120E-03    1.42356791E-12    3.08000000E+02
      48    1.39570356E-05    5.59433639E-04    5.55748371E-04    3.67567931E+00   -1.09923120E-03    1.42356791E-12    3.08000000E+02
      49    1.49593448E-05    5.68983143E-04    5.65166252E-04    3.80797714E+00   -1.11747067E-03    1.75281608E-12    3.08000000E+02
      50    1.49593448E-05    5.68983143E-04    5.65166252E-04    3.80797714E+00   -1.11747067E-03    1.75281608E-12    3.08000000E+02
      51    1.49593448E-05    5.68983143E-04    5.65166252E-04    3.80797714E+00   -1.11747067E-03    1.75281608E-12    3.08000000E+02
      52    1.49593448E-05    5.68983143E-04    5.65166252E-04    3.80797714E+00   -1.11747067E-03    1.75281608E-12    3.08000000E+02
      53    1.59613900E-05    5.77060321E-04    5.73130781E-04    3.92123458E+00   -1.13291989E-03    2.12917208E-12    3.08000000E+02
      54    1.59613900E-05    5.77060321E-04    5.73130781E-04    3.92123458E+00   -1.13291989E-03    2.12917208E-12    3.08000000E+02
      55    1.59613900E-05    5.77060321E-04    5.73130781E-04    3.92123458E+00   -1.13291989E-03    2.12917208E-12    3.08000000E+02
      56    1.59613900E-05    5.77060321E-04    5.73130781E-04    3.92123458E+00   -1.13291989E-03    2.12917208E-12    3.08000000E+02
      57    1.69632143E-05    5.83951286E-04    5.79924688E-04    4.01883743E+00   -1.14611777E-03    2.55577774E-12    3.08000000E+02
      58    1.69632143E-05    5.83951286E-04    5.79924688E-04    4.01883743E+00   -1.14611777E-03    2.55577774E-12    3.08000000E+02
      59    1.69632143E-05    5.83951286E-04    5.79924688E-04    4.01883743E+00   -1.14611777E-03    2.55577774E-12    3.08000000E+02
      60    1.79648524E-05    5.89876933E-04    5.85766174E-04    4.10348565E+00   -1.15748086E-03    3.03577511E-12    3.08000000E+02
      61    1.79648524E-05    5.89876933E-04    5.85766174E-04    4.10348565E+00   -1.15748086E-03    3.03577511E-12    3.08000000E+02
      62    1.79648524E-05    5.89876933E-04    5.85766174E-04    4.10348565E+00   -1.15748086E-03    3.03577511E-12    3.08000000E+02
      63    1.89663302E-05    5.95009618E-04    5.90825440E-04    4.17734183E+00   -1.16733464E-03    3.57230519E-12    3.08000000E+02
      64    1.89663302E-05    5.95009618E-04    5.90825440E-04    4.17734183E+00   -1.16733464E-03    3.57230519E-12    3.08000000E+02
      65    1.89663302E-05    5.95009618E-04    5.90825440E-04    4.17734183E+00   -1.16733464E-03    3.57230519E-12    3.08000000E+02
      66    1.99676737E-05    5.99485240E-04    5.95236647E-04    4.24214846E+00   -1.17593608E-03    4.16851189E-12    3.08000000E+02
      67    1.99676737E-05    5.99485240E-04    5.95236647E-04    4.24214846E+00   -1.17593608E-03    4.16851189E-12    3.08000000E+02
      68    1.99676737E-05    5.99485240E-04    5.95236647E-04    4.24214846E+00   -1.17593608E-03    4.16851189E-12    3.08000000E+02
      69    2.09688994E-05    6.03411949E-04    5.99106540E-04    4.29931757E+00   -1.18348997E-03    4.82753626E-12    3.08000000E+02
      70    2.09688994E-05    6.03411949E-04    5.99106540E-04    4.29931757E+00   -1.18348997E-03    4.82753626E-12    3.08000000E+02
      71    2.19700226E-05    6.06876633E-04    6.02520858E-04    4.35000118E+00   -1.19016107E-03    5.55252021E-12    3.08000000E+02
      72    2.19700226E-05    6.06876633E-04    6.02520858E-04    4.35000118E+00   -1.19016107E-03    5.55252021E-12    3.08000000E+02
      73    2.29710560E-05    6.09949691E-04    6.05549059E-04    4.39514509E+00   -1.19608304E-03    6.34660564E-12    3.08000000E+02
      74    2.29710560E-05    6.09949691E-04    6.05549059E-04    4.39514509E+00   -1.19608304E-03    6.34660564E-12    3.08000000E+02
      75    2.39720100E-05    6.12688625E-04    6.08247868E-04    4.43553070E+00   -1.20136521E-03    7.21293445E-12    3.08000000E+02
      76    2.39720100E-05    6.12688625E-04    6.08247868E-04    4.43553070E+00   -1.20136521E-03    7.21293445E-12    3.08000000E+02
      77    2.49728920E-05    6.15140755E-04    6.10663958E-04    4.47180749E+00   -1.20609765E-03    8.15464671E-12    3.08000000E+02
      78    2.49728920E-05    6.15140755E-04    6.10663958E-04    4.47180749E+00   -1.20609765E-03    8.15464671E-12    3.08000000E+02
      79    2.59737132E-05    6.17345314E-04    6.12836021E-04    4.50451869E+00   -1.21035511E-03    9.17488769E-12    3.08000000E+02
      80    2.59737132E-05    6.17345314E-04    6.12836021E-04    4.50451869E+00   -1.21035511E-03    9.17488769E-12    3.08000000E+02
      81    2.61627224E-05    6.17736648E-04    6.13221578E-04    4.51033491E+00   -1.21111115E-03    9.37664416E-12    3.08000000E+02
      82    2.69744784E-05    6.19335022E-04    6.14796324E-04    4.53412089E+00   -1.21420002E-03    1.02767976E-11    3.08000000E+02
      83    2.79751934E-05    6.21137357E-04    6.16571959E-04    4.56100013E+00   -1.21768485E-03    1.14635182E-11    3.08000000E+02
      84    2.89758629E-05    6.22775520E-04    6.18185803E-04    4.58548447E+00   -1.22085395E-03    1.27381914E-11    3.08000000E+02
      85    2.99764896E-05    6.24269212E-04    6.19657278E-04    4.60785397E+00   -1.22374501E-03    1.41039564E-11    3.08000000E+02
      86    3.09770808E-05    6.25635256E-04    6.21002966E-04    4.62834900E+00   -1.22639023E-03    1.55639599E-11    3.08000000E+02
      87    3.19776381E-05    6.26888074E-04    6.22237086E-04    4.64717656E+00   -1.22881727E-03    1.71213413E-11    3.08000000E+02
      88    3.29781643E-05    6.28040095E-04    6.23371888E-04    4.66451580E+00   -1.23104996E-03    1.87792424E-11    3.08000000E+02
      89    3.39786621E-05    6.29102078E-04    6.24417975E-04    4.68052236E+00   -1.23310894E-03    2.05408049E-11    3.08000000E+02
      90    3.49791337E-05    6.30083372E-04    6.25384562E-04    4.69533195E+00   -1.23501217E-03    2.24091706E-11    3.08000000E+02
      91    3.59795813E-05    6.30992131E-04    6.26279686E-04    4.70906337E+00   -1.23677532E-03    2.43874813E-11    3.08000000E+02
      92    3.69800067E-05    6.31835499E-04    6.27110386E-04    4.72182093E+00   -1.23841214E-03    2.64788788E-11    3.08000000E+02
      93    3.79804079E-05    6.32619748E-04    6.27882843E-04    4.73369651E+00   -1.23993468E-03    2.86864963E-11    3.08000000E+02
      94    3.89807937E-05    6.33350418E-04    6.28602516E-04    4.74477145E+00   -1.24135361E-03    3.10134919E-11    3.08000000E+02
      95    3.99811618E-05    6.34032400E-04    6.29274225E-04    4.75511774E+00   -1.24267835E-03    3.34629994E-11    3.08000000E+02
      96    4.09815135E-05    6.34670037E-04    6.29902249E-04    4.76479942E+00   -1.24391728E-03    3.60381605E-11    3.08000000E+02
      97    6.82690274E-05    6.43324505E-04    6.38425478E-04    4.89699462E+00   -1.26076647E-03    1.66597999E-10    3.08000000E+02
      98    7.85015284E-05    6.44661739E-04    6.39742305E-04    4.91755384E+00   -1.26337615E-03    2.53298706E-10    3.08000000E+02
      99    8.97726801E-05    6.45685713E-04    6.40750628E-04    4.93332162E+00   -1.26537579E-03    3.78818523E-10    3.08000000E+02
     100    9.87709707E-05    6.46288710E-04    6.41344398E-04    4.94261709E+00   -1.26655390E-03    5.04529542E-10    3.08000000E+02
