 % Time.............:    3.2999999916683009E-004
 % Distribution.....:            0
 % Fluid flag.......:            0
 % Vaporization flag:            1
 % Temperature flag.:   -1.32555305E+24
 %    ID      Diameter         X position        Y position        X velocity       Y velocity           Mass            Temperature
       1    2.61663027E-06    1.20779009E-04    1.20778804E-04    2.12289607E-06   -2.02878478E-04    9.38049417E-15    3.08000000E+02
       2    3.18347276E-06    1.63900545E-04    1.63900076E-04    1.62834291E-04   -3.00200636E-04    1.68928159E-14    3.08000000E+02
       3    3.71184799E-06    2.11122823E-04    2.11120358E-04    2.00746407E-03   -4.07216124E-04    2.67774479E-14    3.08000000E+02
       4    3.71184799E-06    2.11122823E-04    2.11120358E-04    2.00746407E-03   -4.07216124E-04    2.67774479E-14    3.08000000E+02
       5    4.76353924E-06    3.22837570E-04    3.22801607E-04    3.47781409E-02   -6.56707194E-04    5.65962787E-14    3.08000000E+02
       6    4.76353924E-06    3.22837570E-04    3.22801607E-04    3.47781409E-02   -6.56707194E-04    5.65962787E-14    3.08000000E+02
       7    4.76353924E-06    3.22837570E-04    3.22801607E-04    3.47781409E-02   -6.56707194E-04    5.65962787E-14    3.08000000E+02
       8    5.79657831E-06    4.47033512E-04    4.46878122E-04    1.52886954E-01   -9.22600407E-04    1.01979706E-13    3.08000000E+02
       9    5.79657831E-06    4.47033512E-04    4.46878122E-04    1.52886954E-01   -9.22600407E-04    1.01979706E-13    3.08000000E+02
      10    5.79657831E-06    4.47033512E-04    4.46878122E-04    1.52886954E-01   -9.22600407E-04    1.01979706E-13    3.08000000E+02
      11    5.79657831E-06    4.47033512E-04    4.46878122E-04    1.52886954E-01   -9.22600407E-04    1.01979706E-13    3.08000000E+02
      12    6.81999334E-06    5.72028980E-04    5.71657366E-04    3.67640478E-01   -1.17859272E-03    1.66092677E-13    3.08000000E+02
      13    6.81999334E-06    5.72028980E-04    5.71657366E-04    3.67640478E-01   -1.17859272E-03    1.66092677E-13    3.08000000E+02
      14    6.81999334E-06    5.72028980E-04    5.71657366E-04    3.67640478E-01   -1.17859272E-03    1.66092677E-13    3.08000000E+02
      15    6.81999334E-06    5.72028980E-04    5.71657366E-04    3.67640478E-01   -1.17859272E-03    1.66092677E-13    3.08000000E+02
      16    6.81999334E-06    5.72028980E-04    5.71657366E-04    3.67640478E-01   -1.17859272E-03    1.66092677E-13    3.08000000E+02
      17    7.83773667E-06    6.89369644E-04    6.88715449E-04    6.48961230E-01   -1.41091276E-03    2.52098719E-13    3.08000000E+02
      18    7.83773667E-06    6.89369644E-04    6.88715449E-04    6.48961230E-01   -1.41091276E-03    2.52098719E-13    3.08000000E+02
      19    7.83773667E-06    6.89369644E-04    6.88715449E-04    6.48961230E-01   -1.41091276E-03    2.52098719E-13    3.08000000E+02
      20    7.83773667E-06    6.89369644E-04    6.88715449E-04    6.48961230E-01   -1.41091276E-03    2.52098719E-13    3.08000000E+02
      21    7.83773667E-06    6.89369644E-04    6.88715449E-04    6.48961230E-01   -1.41091276E-03    2.52098719E-13    3.08000000E+02
      22    8.85179630E-06    7.95013079E-04    7.94046375E-04    9.60537529E-01   -1.61534146E-03    3.63155703E-13    3.08000000E+02
      23    8.85179630E-06    7.95013079E-04    7.94046375E-04    9.60537529E-01   -1.61534146E-03    3.63155703E-13    3.08000000E+02
      24    8.85179630E-06    7.95013079E-04    7.94046375E-04    9.60537529E-01   -1.61534146E-03    3.63155703E-13    3.08000000E+02
      25    8.85179630E-06    7.95013079E-04    7.94046375E-04    9.60537529E-01   -1.61534146E-03    3.63155703E-13    3.08000000E+02
      26    8.85179630E-06    7.95013079E-04    7.94046375E-04    9.60537529E-01   -1.61534146E-03    3.63155703E-13    3.08000000E+02
      27    9.86328895E-06    8.87950964E-04    8.86668657E-04    1.27551860E+00   -1.79257073E-03    5.02416510E-13    3.08000000E+02
      28    9.86328895E-06    8.87950964E-04    8.86668657E-04    1.27551860E+00   -1.79257073E-03    5.02416510E-13    3.08000000E+02
      29    9.86328895E-06    8.87950964E-04    8.86668657E-04    1.27551860E+00   -1.79257073E-03    5.02416510E-13    3.08000000E+02
      30    9.86328895E-06    8.87950964E-04    8.86668657E-04    1.27551860E+00   -1.79257073E-03    5.02416510E-13    3.08000000E+02
      31    9.86328895E-06    8.87950964E-04    8.86668657E-04    1.27551860E+00   -1.79257073E-03    5.02416510E-13    3.08000000E+02
      32    1.08729028E-05    9.68760996E-04    9.67175995E-04    1.57783801E+00   -1.94529239E-03    6.73031134E-13    3.08000000E+02
      33    1.08729028E-05    9.68760996E-04    9.67175995E-04    1.57783801E+00   -1.94529239E-03    6.73031134E-13    3.08000000E+02
      34    1.08729028E-05    9.68760996E-04    9.67175995E-04    1.57783801E+00   -1.94529239E-03    6.73031134E-13    3.08000000E+02
      35    1.08729028E-05    9.68760996E-04    9.67175995E-04    1.57783801E+00   -1.94529239E-03    6.73031134E-13    3.08000000E+02
      36    1.08729028E-05    9.68760996E-04    9.67175995E-04    1.57783801E+00   -1.94529239E-03    6.73031134E-13    3.08000000E+02
      37    1.18810875E-05    1.03868399E-03    1.03681729E-03    1.85934171E+00   -2.07674440E-03    8.78146986E-13    3.08000000E+02
      38    1.18810875E-05    1.03868399E-03    1.03681729E-03    1.85934171E+00   -2.07674440E-03    8.78146986E-13    3.08000000E+02
      39    1.18810875E-05    1.03868399E-03    1.03681729E-03    1.85934171E+00   -2.07674440E-03    8.78146986E-13    3.08000000E+02
      40    1.18810875E-05    1.03868399E-03    1.03681729E-03    1.85934171E+00   -2.07674440E-03    8.78146986E-13    3.08000000E+02
      41    1.28881531E-05    1.09913639E-03    1.09701214E-03    2.11682852E+00   -2.19007056E-03    1.12090986E-12    3.08000000E+02
      42    1.28881531E-05    1.09913639E-03    1.09701214E-03    2.11682852E+00   -2.19007056E-03    1.12090986E-12    3.08000000E+02
      43    1.28881531E-05    1.09913639E-03    1.09701214E-03    2.11682852E+00   -2.19007056E-03    1.12090986E-12    3.08000000E+02
      44    1.28881531E-05    1.09913639E-03    1.09701214E-03    2.11682852E+00   -2.19007056E-03    1.12090986E-12    3.08000000E+02
      45    1.38943250E-05    1.15148240E-03    1.14912508E-03    2.34992727E+00   -2.28807757E-03    1.40446523E-12    3.08000000E+02
      46    1.38943250E-05    1.15148240E-03    1.14912508E-03    2.34992727E+00   -2.28807757E-03    1.40446523E-12    3.08000000E+02
      47    1.38943250E-05    1.15148240E-03    1.14912508E-03    2.34992727E+00   -2.28807757E-03    1.40446523E-12    3.08000000E+02
      48    1.38943250E-05    1.15148240E-03    1.14912508E-03    2.34992727E+00   -2.28807757E-03    1.40446523E-12    3.08000000E+02
      49    1.48997671E-05    1.19694251E-03    1.19437544E-03    2.55975492E+00   -2.37317296E-03    1.73195689E-12    3.08000000E+02
      50    1.48997671E-05    1.19694251E-03    1.19437544E-03    2.55975492E+00   -2.37317296E-03    1.73195689E-12    3.08000000E+02
      51    1.48997671E-05    1.19694251E-03    1.19437544E-03    2.55975492E+00   -2.37317296E-03    1.73195689E-12    3.08000000E+02
      52    1.48997671E-05    1.19694251E-03    1.19437544E-03    2.55975492E+00   -2.37317296E-03    1.73195689E-12    3.08000000E+02
      53    1.59046073E-05    1.23656967E-03    1.23381435E-03    2.74812515E+00   -2.44738189E-03    2.10652923E-12    3.08000000E+02
      54    1.59046073E-05    1.23656967E-03    1.23381435E-03    2.74812515E+00   -2.44738189E-03    2.10652923E-12    3.08000000E+02
      55    1.59046073E-05    1.23656967E-03    1.23381435E-03    2.74812515E+00   -2.44738189E-03    2.10652923E-12    3.08000000E+02
      56    1.59046073E-05    1.23656967E-03    1.23381435E-03    2.74812515E+00   -2.44738189E-03    2.10652923E-12    3.08000000E+02
      57    1.69089426E-05    1.27125478E-03    1.26833061E-03    2.91709865E+00   -2.51239102E-03    2.53132542E-12    3.08000000E+02
      58    1.69089426E-05    1.27125478E-03    1.26833061E-03    2.91709865E+00   -2.51239102E-03    2.53132542E-12    3.08000000E+02
      59    1.69089426E-05    1.27125478E-03    1.26833061E-03    2.91709865E+00   -2.51239102E-03    2.53132542E-12    3.08000000E+02
      60    1.79128501E-05    1.30174446E-03    1.29866880E-03    3.06874187E+00   -2.56959985E-03    3.00948864E-12    3.08000000E+02
      61    1.79128501E-05    1.30174446E-03    1.29866880E-03    3.06874187E+00   -2.56959985E-03    3.00948864E-12    3.08000000E+02
      62    1.79128501E-05    1.30174446E-03    1.29866880E-03    3.06874187E+00   -2.56959985E-03    3.00948864E-12    3.08000000E+02
      63    1.89163901E-05    1.32866172E-03    1.32544995E-03    3.20500448E+00   -2.62016880E-03    3.54416080E-12    3.08000000E+02
      64    1.89163901E-05    1.32866172E-03    1.32544995E-03    3.20500448E+00   -2.62016880E-03    3.54416080E-12    3.08000000E+02
      65    1.89163901E-05    1.32866172E-03    1.32544995E-03    3.20500448E+00   -2.62016880E-03    3.54416080E-12    3.08000000E+02
      66    1.99196166E-05    1.35252603E-03    1.34919175E-03    3.32766606E+00   -2.66506174E-03    4.13848665E-12    3.08000000E+02
      67    1.99196166E-05    1.35252603E-03    1.34919175E-03    3.32766606E+00   -2.66506174E-03    4.13848665E-12    3.08000000E+02
      68    1.99196166E-05    1.35252603E-03    1.34919175E-03    3.32766606E+00   -2.66506174E-03    4.13848665E-12    3.08000000E+02
      69    2.09225691E-05    1.37377080E-03    1.37032602E-03    3.43831783E+00   -2.70508104E-03    4.79560792E-12    3.08000000E+02
      70    2.09225691E-05    1.37377080E-03    1.37032602E-03    3.43831783E+00   -2.70508104E-03    4.79560792E-12    3.08000000E+02
      71    2.19252821E-05    1.39275859E-03    1.38921391E-03    3.53836665E+00   -2.74089719E-03    5.51866717E-12    3.08000000E+02
      72    2.19252821E-05    1.39275859E-03    1.38921391E-03    3.53836665E+00   -2.74089719E-03    5.51866717E-12    3.08000000E+02
      73    2.29277842E-05    1.40979362E-03    1.40615840E-03    3.62904732E+00   -2.77307260E-03    6.31080686E-12    3.08000000E+02
      74    2.29277842E-05    1.40979362E-03    1.40615840E-03    3.62904732E+00   -2.77307260E-03    6.31080686E-12    3.08000000E+02
      75    2.39300997E-05    1.42513208E-03    1.42141460E-03    3.71143936E+00   -2.80208099E-03    7.17516938E-12    3.08000000E+02
      76    2.39300997E-05    1.42513208E-03    1.42141460E-03    3.71143936E+00   -2.80208099E-03    7.17516938E-12    3.08000000E+02
      77    2.49322475E-05    1.43899050E-03    1.43519810E-03    3.78648456E+00   -2.82832298E-03    8.11489530E-12    3.08000000E+02
      78    2.49322475E-05    1.43899050E-03    1.43519810E-03    3.78648456E+00   -2.82832298E-03    8.11489530E-12    3.08000000E+02
      79    2.59342488E-05    1.45155274E-03    1.44769194E-03    3.85500455E+00   -2.85213905E-03    9.13313029E-12    3.08000000E+02
      80    2.59342488E-05    1.45155274E-03    1.44769194E-03    3.85500455E+00   -2.85213905E-03    9.13313029E-12    3.08000000E+02
      81    2.61234720E-05    1.45379296E-03    1.44991992E-03    3.86727299E+00   -2.85638913E-03    9.33450573E-12    3.08000000E+02
      82    2.69361171E-05    1.46297540E-03    1.45905200E-03    3.91771572E+00   -2.87381946E-03    1.02330149E-11    3.08000000E+02
      83    2.79378655E-05    1.47339248E-03    1.46941167E-03    3.97524379E+00   -2.89361292E-03    1.14176915E-11    3.08000000E+02
      84    2.89395056E-05    1.48291911E-03    1.47888550E-03    4.02813601E+00   -2.91173330E-03    1.26903020E-11    3.08000000E+02
      85    2.99410456E-05    1.49165451E-03    1.48757226E-03    4.07687178E+00   -2.92836522E-03    1.40539861E-11    3.08000000E+02
      86    3.09424978E-05    1.49968464E-03    1.49555748E-03    4.12187226E+00   -2.94366876E-03    1.55118909E-11    3.08000000E+02
      87    3.19438683E-05    1.50708411E-03    1.50291539E-03    4.16350776E+00   -2.95778308E-03    1.70671559E-11    3.08000000E+02
      88    3.29451641E-05    1.51391797E-03    1.50971074E-03    4.20210491E+00   -2.97082966E-03    1.87229233E-11    3.08000000E+02
      89    3.39463911E-05    1.52024313E-03    1.51600012E-03    4.23795244E+00   -2.98291489E-03    2.04823350E-11    3.08000000E+02
      90    3.49475550E-05    1.52610952E-03    1.52183323E-03    4.27130612E+00   -2.99413225E-03    2.23485332E-11    3.08000000E+02
      91    3.59486605E-05    1.53156111E-03    1.52725380E-03    4.30239309E+00   -3.00456413E-03    2.43246597E-11    3.08000000E+02
      92    3.69497122E-05    1.53663672E-03    1.53230045E-03    4.33141550E+00   -3.01428336E-03    2.64138565E-11    3.08000000E+02
      93    3.79507103E-05    1.54137069E-03    1.53700735E-03    4.35855360E+00   -3.02335445E-03    2.86192574E-11    3.08000000E+02
      94    3.89516657E-05    1.54579360E-03    1.54140489E-03    4.38396881E+00   -3.03183489E-03    3.09440203E-11    3.08000000E+02
      95    3.99525780E-05    1.54993260E-03    1.54552011E-03    4.40780546E+00   -3.03977578E-03    3.33912793E-11    3.08000000E+02
      96    4.09534502E-05    1.55381195E-03    1.54937713E-03    4.43019326E+00   -3.04722284E-03    3.59641764E-11    3.08000000E+02
      97    6.82497379E-05    1.60739917E-03    1.60265119E-03    4.74408634E+00   -3.15056871E-03    1.66456822E-10    3.08000000E+02
      98    7.84840874E-05    1.61583999E-03    1.61104190E-03    4.79433015E+00   -3.16693964E-03    2.53129915E-10    3.08000000E+02
      99    8.97568340E-05    1.62233397E-03    1.61749717E-03    4.83313732E+00   -3.17955475E-03    3.78617959E-10    3.08000000E+02
     100    9.87561626E-05    1.62617072E-03    1.62131099E-03    4.85612804E+00   -3.18701669E-03    5.04302652E-10    3.08000000E+02
