 % Time.............:    5.3999999863663106E-004
 % Distribution.....:            0
 % Fluid flag.......:            0
 % Vaporization flag:            1
 % Temperature flag.:            1
 %    ID      Diameter         X position        Y position        X velocity       Y velocity           Mass            Temperature
       1    2.93756203E-06    1.21912624E-04    1.21912373E-04    2.40223681E-09   -2.51135528E-04    1.32727151E-14    2.84634220E+02
       2    3.93406153E-06    2.13259997E-04    2.13259516E-04    3.00035666E-05   -4.50358227E-04    3.18802765E-14    2.84705285E+02
       3    3.93406153E-06    2.13259997E-04    2.13259516E-04    3.00035666E-05   -4.50358227E-04    3.18802765E-14    2.84705285E+02
       4    4.92826581E-06    3.28208918E-04    3.28206045E-04    2.13834961E-03   -7.04869747E-04    6.26730755E-14    2.85088234E+02
       5    4.92826581E-06    3.28208918E-04    3.28206045E-04    2.13834961E-03   -7.04869747E-04    6.26730755E-14    2.85088234E+02
       6    4.92826581E-06    3.28208918E-04    3.28206045E-04    2.13834961E-03   -7.04869747E-04    6.26730755E-14    2.85088234E+02
       7    5.48583845E-06    4.02243771E-04    4.02233808E-04    8.99305435E-03   -8.68242308E-04    8.64425715E-14    2.85486964E+02
       8    5.92238551E-06    4.64291142E-04    4.64268877E-04    2.10567051E-02   -1.00366650E-03    1.08764872E-13    2.85879409E+02
       9    5.92238551E-06    4.64291142E-04    4.64268877E-04    2.10567051E-02   -1.00366650E-03    1.08764872E-13    2.85879409E+02
      10    5.92238551E-06    4.64291142E-04    4.64268877E-04    2.10567051E-02   -1.00366650E-03    1.08764872E-13    2.85879409E+02
      11    5.92238551E-06    4.64291142E-04    4.64268877E-04    2.10567051E-02   -1.00366650E-03    1.08764872E-13    2.85879409E+02
      12    6.91728640E-06    6.15283305E-04    6.15198463E-04    8.29196600E-02   -1.32544014E-03    1.73302931E-13    2.86960942E+02
      13    6.91728640E-06    6.15283305E-04    6.15198463E-04    8.29196600E-02   -1.32544014E-03    1.73302931E-13    2.86960942E+02
      14    6.91728640E-06    6.15283305E-04    6.15198463E-04    8.29196600E-02   -1.32544014E-03    1.73302931E-13    2.86960942E+02
      15    6.91728640E-06    6.15283305E-04    6.15198463E-04    8.29196600E-02   -1.32544014E-03    1.73302931E-13    2.86960942E+02
      16    6.91728640E-06    6.15283305E-04    6.15198463E-04    8.29196600E-02   -1.32544014E-03    1.73302931E-13    2.86960942E+02
      17    7.91318579E-06    7.72371913E-04    7.72167215E-04    2.01924151E-01   -1.64830045E-03    2.59449431E-13    2.88186233E+02
      18    7.91318579E-06    7.72371913E-04    7.72167215E-04    2.01924151E-01   -1.64830045E-03    2.59449431E-13    2.88186233E+02
      19    7.91318579E-06    7.72371913E-04    7.72167215E-04    2.01924151E-01   -1.64830045E-03    2.59449431E-13    2.88186233E+02
      20    7.91318579E-06    7.72371913E-04    7.72167215E-04    2.01924151E-01   -1.64830045E-03    2.59449431E-13    2.88186233E+02
      21    7.91318579E-06    7.72371913E-04    7.72167215E-04    2.01924151E-01   -1.64830045E-03    2.59449431E-13    2.88186233E+02
      22    8.91005330E-06    9.27456480E-04    9.27079776E-04    3.73076849E-01   -1.95696760E-03    3.70373188E-13    2.89451282E+02
      23    8.91005330E-06    9.27456480E-04    9.27079776E-04    3.73076849E-01   -1.95696760E-03    3.70373188E-13    2.89451282E+02
      24    8.91005330E-06    9.27456480E-04    9.27079776E-04    3.73076849E-01   -1.95696760E-03    3.70373188E-13    2.89451282E+02
      25    8.91005330E-06    9.27456480E-04    9.27079776E-04    3.73076849E-01   -1.95696760E-03    3.70373188E-13    2.89451282E+02
      26    8.91005330E-06    9.27456480E-04    9.27079776E-04    3.73076849E-01   -1.95696760E-03    3.70373188E-13    2.89451282E+02
      27    9.90777577E-06    1.07492537E-03    1.07433961E-03    5.81362711E-01   -2.24326099E-03    5.09245431E-13    2.90693864E+02
      28    9.90777577E-06    1.07492537E-03    1.07433961E-03    5.81362711E-01   -2.24326099E-03    5.09245431E-13    2.90693864E+02
      29    9.90777577E-06    1.07492537E-03    1.07433961E-03    5.81362711E-01   -2.24326099E-03    5.09245431E-13    2.90693864E+02
      30    9.90777577E-06    1.07492537E-03    1.07433961E-03    5.81362711E-01   -2.24326099E-03    5.09245431E-13    2.90693864E+02
      31    9.90777577E-06    1.07492537E-03    1.07433961E-03    5.81362711E-01   -2.24326099E-03    5.09245431E-13    2.90693864E+02
      32    1.09062255E-05    1.21168446E-03    1.21086878E-03    8.10645317E-01   -2.50401968E-03    6.79238133E-13    2.91879994E+02
      33    1.09062255E-05    1.21168446E-03    1.21086878E-03    8.10645317E-01   -2.50401968E-03    6.79238133E-13    2.91879994E+02
      34    1.09062255E-05    1.21168446E-03    1.21086878E-03    8.10645317E-01   -2.50401968E-03    6.79238133E-13    2.91879994E+02
      35    1.09062255E-05    1.21168446E-03    1.21086878E-03    8.10645317E-01   -2.50401968E-03    6.79238133E-13    2.91879994E+02
      36    1.09062255E-05    1.21168446E-03    1.21086878E-03    8.10645317E-01   -2.50401968E-03    6.79238133E-13    2.91879994E+02
      37    1.19052780E-05    1.33649846E-03    1.33544518E-03    1.04773132E+00   -2.73904239E-03    8.83521783E-13    2.92992992E+02
      38    1.19052780E-05    1.33649846E-03    1.33544518E-03    1.04773132E+00   -2.73904239E-03    8.83521783E-13    2.92992992E+02
      39    1.19052780E-05    1.33649846E-03    1.33544518E-03    1.04773132E+00   -2.73904239E-03    8.83521783E-13    2.92992992E+02
      40    1.19052780E-05    1.33649846E-03    1.33544518E-03    1.04773132E+00   -2.73904239E-03    8.83521783E-13    2.92992992E+02
      41    1.29048224E-05    1.44930184E-03    1.44801267E-03    1.28322201E+00   -2.94967401E-03    1.12526479E-12    2.94026404E+02
      42    1.29048224E-05    1.44930184E-03    1.44801267E-03    1.28322201E+00   -2.94967401E-03    1.12526479E-12    2.94026404E+02
      43    1.29048224E-05    1.44930184E-03    1.44801267E-03    1.28322201E+00   -2.94967401E-03    1.12526479E-12    2.94026404E+02
      44    1.29048224E-05    1.44930184E-03    1.44801267E-03    1.28322201E+00   -2.94967401E-03    1.12526479E-12    2.94026404E+02
      45    1.39047662E-05    1.55068254E-03    1.54916526E-03    1.51103088E+00   -3.13795680E-03    1.40763385E-12    2.94979685E+02
      46    1.39047662E-05    1.55068254E-03    1.54916526E-03    1.51103088E+00   -3.13795680E-03    1.40763385E-12    2.94979685E+02
      47    1.39047662E-05    1.55068254E-03    1.54916526E-03    1.51103088E+00   -3.13795680E-03    1.40763385E-12    2.94979685E+02
      48    1.39047662E-05    1.55068254E-03    1.54916526E-03    1.51103088E+00   -3.13795680E-03    1.40763385E-12    2.94979685E+02
      49    1.49050282E-05    1.64154470E-03    1.63981067E-03    1.72756683E+00   -3.30615445E-03    1.73379219E-12    2.95855580E+02
      50    1.49050282E-05    1.64154470E-03    1.63981067E-03    1.72756683E+00   -3.30615445E-03    1.73379219E-12    2.95855580E+02
      51    1.49050282E-05    1.64154470E-03    1.63981067E-03    1.72756683E+00   -3.30615445E-03    1.73379219E-12    2.95855580E+02
      52    1.49050282E-05    1.64154470E-03    1.63981067E-03    1.72756683E+00   -3.30615445E-03    1.73379219E-12    2.95855580E+02
      53    1.50163265E-05    1.65104717E-03    1.64928981E-03    1.75086674E+00   -3.32372374E-03    1.77292246E-12    2.95948427E+02
      54    1.59055445E-05    1.72290746E-03    1.72096985E-03    1.93098088E+00   -3.45650351E-03    2.10690162E-12    2.96658569E+02
      55    1.59055445E-05    1.72290746E-03    1.72096985E-03    1.93098088E+00   -3.45650351E-03    2.10690162E-12    2.96658569E+02
      56    1.59055445E-05    1.72290746E-03    1.72096985E-03    1.93098088E+00   -3.45650351E-03    2.10690162E-12    2.96658569E+02
      57    1.59055445E-05    1.72290746E-03    1.72096985E-03    1.93098088E+00   -3.45650351E-03    2.10690162E-12    2.96658569E+02
      58    1.69062598E-05    1.79579094E-03    1.79366362E-03    2.12057711E+00   -3.59109096E-03    2.53012076E-12    2.97393919E+02
      59    1.69062598E-05    1.79579094E-03    1.79366362E-03    2.12057711E+00   -3.59109096E-03    2.53012076E-12    2.97393919E+02
      60    1.69062598E-05    1.79579094E-03    1.79366362E-03    2.12057711E+00   -3.59109096E-03    2.53012076E-12    2.97393919E+02
      61    1.79071297E-05    1.86115780E-03    1.85885460E-03    2.29639126E+00   -3.71180465E-03    3.00660634E-12    2.98067139E+02
      62    1.79071297E-05    1.86115780E-03    1.85885460E-03    2.29639126E+00   -3.71180465E-03    3.00660634E-12    2.98067139E+02
      63    1.79071297E-05    1.86115780E-03    1.85885460E-03    2.29639126E+00   -3.71180465E-03    3.00660634E-12    2.98067139E+02
      64    1.89081159E-05    1.91988633E-03    1.91742057E-03    2.45890017E+00   -3.82032099E-03    3.53951210E-12    2.98683650E+02
      65    1.89081159E-05    1.91988633E-03    1.91742057E-03    2.45890017E+00   -3.82032099E-03    3.53951210E-12    2.98683650E+02
      66    1.89081159E-05    1.91988633E-03    1.91742057E-03    2.45890017E+00   -3.82032099E-03    3.53951210E-12    2.98683650E+02
      67    1.99091926E-05    1.97276230E-03    1.97014659E-03    2.60882973E+00   -3.91811320E-03    4.13199304E-12    2.99248617E+02
      68    1.99091926E-05    1.97276230E-03    1.97014659E-03    2.60882973E+00   -3.91811320E-03    4.13199304E-12    2.99248617E+02
      69    1.99091926E-05    1.97276230E-03    1.97014659E-03    2.60882973E+00   -3.91811320E-03    4.13199304E-12    2.99248617E+02
      70    2.09103341E-05    2.02047962E-03    2.01772571E-03    2.74702743E+00   -4.00646672E-03    4.78719977E-12    2.99766848E+02
      71    2.09103341E-05    2.02047962E-03    2.01772571E-03    2.74702743E+00   -4.00646672E-03    4.78719977E-12    2.99766848E+02
      72    2.19115209E-05    2.06364691E-03    2.06076565E-03    2.87438378E+00   -4.08649991E-03    5.50828252E-12    3.00242764E+02
      73    2.19115209E-05    2.06364691E-03    2.06076565E-03    2.87438378E+00   -4.08649991E-03    5.50828252E-12    3.00242764E+02
      74    2.29127375E-05    2.10279566E-03    2.09979702E-03    2.99178288E+00   -4.15918411E-03    6.29839037E-12    3.00680391E+02
      75    2.29127375E-05    2.10279566E-03    2.09979702E-03    2.99178288E+00   -4.15918411E-03    6.29839037E-12    3.00680391E+02
      76    2.39139713E-05    2.13838897E-03    2.13528206E-03    3.10007350E+00   -4.22536282E-03    7.16067143E-12    3.01083372E+02
      77    2.39139713E-05    2.13838897E-03    2.13528206E-03    3.10007350E+00   -4.22536282E-03    7.16067143E-12    3.01083372E+02
      78    2.49152105E-05    2.17083005E-03    2.16762319E-03    3.20005300E+00   -4.28576883E-03    8.09827115E-12    3.01454991E+02
      79    2.49152105E-05    2.17083005E-03    2.16762319E-03    3.20005300E+00   -4.28576883E-03    8.09827115E-12    3.01454991E+02
      80    2.59164506E-05    2.20047024E-03    2.19717101E-03    3.29246062E+00   -4.34104003E-03    9.11433947E-12    3.01798201E+02
      81    2.59164506E-05    2.20047024E-03    2.19717101E-03    3.29246062E+00   -4.34104003E-03    9.11433947E-12    3.01798201E+02
      82    2.69176836E-05    2.22761569E-03    2.22423098E-03    3.37797409E+00   -4.39173202E-03    1.02120206E-11    3.02115653E+02
      83    2.79189044E-05    2.25253377E-03    2.24906987E-03    3.45721139E+00   -4.43833008E-03    1.13944600E-11    3.02409722E+02
      84    2.89201092E-05    2.27545834E-03    2.27192095E-03    3.53073333E+00   -4.48125891E-03    1.26648025E-11    3.02682542E+02
      85    2.99212932E-05    2.29659432E-03    2.29298865E-03    3.59904725E+00   -4.52089098E-03    1.40261899E-11    3.02936022E+02
      86    3.09224579E-05    2.31612182E-03    2.31245262E-03    3.66261174E+00   -4.55755397E-03    1.54817715E-11    3.03171879E+02
      87    3.19235997E-05    2.33419929E-03    2.33047090E-03    3.72184019E+00   -4.59153651E-03    1.70346887E-11    3.03391652E+02
      88    3.29247174E-05    2.35096659E-03    2.34718297E-03    3.77710559E+00   -4.62309367E-03    1.86880851E-11    3.03596727E+02
      89    3.39258104E-05    2.36654742E-03    2.36271220E-03    3.82874433E+00   -4.65245136E-03    2.04451040E-11    3.03788348E+02
      90    3.49268780E-05    2.38105143E-03    2.37716794E-03    3.87705991E+00   -4.67981014E-03    2.23088887E-11    3.03967638E+02
      91    3.59279202E-05    2.39457609E-03    2.39064736E-03    3.92232637E+00   -4.70534847E-03    2.42825821E-11    3.04135608E+02
      92    3.69289369E-05    2.40720819E-03    2.40323703E-03    3.96479131E+00   -4.72922552E-03    2.63693273E-11    3.04293173E+02
      93    3.79299246E-05    2.41902516E-03    2.41501414E-03    4.00467855E+00   -4.75158350E-03    2.85722586E-11    3.04441160E+02
      94    3.89308908E-05    2.43009639E-03    2.42604789E-03    4.04219117E+00   -4.77255004E-03    3.08945347E-11    3.04580317E+02
      95    3.99318324E-05    2.44048400E-03    2.43640021E-03    4.07751285E+00   -4.79223951E-03    3.33392904E-11    3.04711323E+02
      96    4.09327497E-05    2.45024382E-03    2.44612676E-03    4.11081047E+00   -4.81075486E-03    3.59096683E-11    3.04834795E+02
      97    5.18805237E-05    2.52732433E-03    2.52294077E-03    4.37756147E+00   -4.95756458E-03    7.31158762E-11    3.05821920E+02
      98    5.40670608E-05    2.53811275E-03    2.53369135E-03    4.41543336E+00   -4.97820112E-03    8.27555098E-11    3.05961543E+02
      99    6.94369547E-05    2.59051474E-03    2.58590769E-03    4.60127854E+00   -5.07878603E-03    1.75295445E-10    3.06642680E+02
     100    8.18452540E-05    2.61526723E-03    2.61057140E-03    4.69016597E+00   -5.12651681E-03    2.87064267E-10    3.06964545E+02
