 % Time.............:    4.9999999873762135E-005
 % Distribution.....:            0
 % Fluid flag.......:            0
 % Vaporization flag:            1
 % Temperature flag.:   -1.32555305E+24
 %    ID      Diameter         X position        Y position        X velocity       Y velocity           Mass            Temperature
       1    2.93921766E-06    1.05645390E-04    1.05006119E-04    6.13300204E-01   -2.11016253E-04    1.32951696E-14    3.08000000E+02
       2    3.45674084E-06    1.28068668E-04    1.26972596E-04    1.06321891E+00   -2.54977483E-04    2.16271402E-14    3.08000000E+02
       3    3.95233226E-06    1.46048072E-04    1.44515450E-04    1.49676272E+00   -2.89814962E-04    3.23265216E-14    3.08000000E+02
       4    3.95233226E-06    1.46048072E-04    1.44515450E-04    1.49676272E+00   -2.89814962E-04    3.23265216E-14    3.08000000E+02
       5    4.96048125E-06    1.73399840E-04    1.71099240E-04    2.26504073E+00   -3.42408569E-04    6.39101845E-14    3.08000000E+02
       6    4.96048125E-06    1.73399840E-04    1.71099240E-04    2.26504073E+00   -3.42408569E-04    6.39101845E-14    3.08000000E+02
       7    4.96048125E-06    1.73399840E-04    1.71099240E-04    2.26504073E+00   -3.42408569E-04    6.39101845E-14    3.08000000E+02
       8    5.96608760E-06    1.91727252E-04    1.88849683E-04    2.84569269E+00   -3.77533989E-04    1.11190456E-13    3.08000000E+02
       9    5.96608760E-06    1.91727252E-04    1.88849683E-04    2.84569269E+00   -3.77533989E-04    1.11190456E-13    3.08000000E+02
      10    5.96608760E-06    1.91727252E-04    1.88849683E-04    2.84569269E+00   -3.77533989E-04    1.11190456E-13    3.08000000E+02
      11    5.96608760E-06    1.91727252E-04    1.88849683E-04    2.84569269E+00   -3.77533989E-04    1.11190456E-13    3.08000000E+02
      12    6.97019724E-06    2.04322985E-04    2.01022422E-04    3.27289287E+00   -4.01681541E-04    1.77310248E-13    3.08000000E+02
      13    6.97019724E-06    2.04322985E-04    2.01022422E-04    3.27289287E+00   -4.01681541E-04    1.77310248E-13    3.08000000E+02
      14    6.97019724E-06    2.04322985E-04    2.01022422E-04    3.27289287E+00   -4.01681541E-04    1.77310248E-13    3.08000000E+02
      15    6.97019724E-06    2.04322985E-04    2.01022422E-04    3.27289287E+00   -4.01681541E-04    1.77310248E-13    3.08000000E+02
      16    6.97019724E-06    2.04322985E-04    2.01022422E-04    3.27289287E+00   -4.01681541E-04    1.77310248E-13    3.08000000E+02
      17    7.97334675E-06    2.13260300E-04    2.09647196E-04    3.58926043E+00   -4.18839599E-04    2.65412021E-13    3.08000000E+02
      18    7.97334675E-06    2.13260300E-04    2.09647196E-04    3.58926043E+00   -4.18839599E-04    2.65412021E-13    3.08000000E+02
      19    7.97334675E-06    2.13260300E-04    2.09647196E-04    3.58926043E+00   -4.18839599E-04    2.65412021E-13    3.08000000E+02
      20    7.97334675E-06    2.13260300E-04    2.09647196E-04    3.58926043E+00   -4.18839599E-04    2.65412021E-13    3.08000000E+02
      21    7.97334675E-06    2.13260300E-04    2.09647196E-04    3.58926043E+00   -4.18839599E-04    2.65412021E-13    3.08000000E+02
      22    8.97584204E-06    2.19798596E-04    2.15950526E-04    3.82747482E+00   -4.31412857E-04    3.78638035E-13    3.08000000E+02
      23    8.97584204E-06    2.19798596E-04    2.15950526E-04    3.82747482E+00   -4.31412857E-04    3.78638035E-13    3.08000000E+02
      24    8.97584204E-06    2.19798596E-04    2.15950526E-04    3.82747482E+00   -4.31412857E-04    3.78638035E-13    3.08000000E+02
      25    8.97584204E-06    2.19798596E-04    2.15950526E-04    3.82747482E+00   -4.31412857E-04    3.78638035E-13    3.08000000E+02
      26    8.97584204E-06    2.19798596E-04    2.15950526E-04    3.82747482E+00   -4.31412857E-04    3.78638035E-13    3.08000000E+02
      27    9.97786926E-06    2.24714017E-04    2.20685854E-04    4.01026301E+00   -4.40880620E-04    5.20130190E-13    3.08000000E+02
      28    9.97786926E-06    2.24714017E-04    2.20685854E-04    4.01026301E+00   -4.40880620E-04    5.20130190E-13    3.08000000E+02
      29    9.97786926E-06    2.24714017E-04    2.20685854E-04    4.01026301E+00   -4.40880620E-04    5.20130190E-13    3.08000000E+02
      30    9.97786926E-06    2.24714017E-04    2.20685854E-04    4.01026301E+00   -4.40880620E-04    5.20130190E-13    3.08000000E+02
      31    9.97786926E-06    2.24714017E-04    2.20685854E-04    4.01026301E+00   -4.40880620E-04    5.20130190E-13    3.08000000E+02
      32    1.09795520E-05    2.28498333E-04    2.24329527E-04    4.15313065E+00   -4.48180519E-04    6.93030733E-13    3.08000000E+02
      33    1.09795520E-05    2.28498333E-04    2.24329527E-04    4.15313065E+00   -4.48180519E-04    6.93030733E-13    3.08000000E+02
      34    1.09795520E-05    2.28498333E-04    2.24329527E-04    4.15313065E+00   -4.48180519E-04    6.93030733E-13    3.08000000E+02
      35    1.09795520E-05    2.28498333E-04    2.24329527E-04    4.15313065E+00   -4.48180519E-04    6.93030733E-13    3.08000000E+02
      36    1.09795520E-05    2.28498333E-04    2.24329527E-04    4.15313065E+00   -4.48180519E-04    6.93030733E-13    3.08000000E+02
      37    1.19809719E-05    2.31472608E-04    2.27192057E-04    4.26671633E+00   -4.53925428E-04    9.00481484E-13    3.08000000E+02
      38    1.19809719E-05    2.31472608E-04    2.27192057E-04    4.26671633E+00   -4.53925428E-04    9.00481484E-13    3.08000000E+02
      39    1.19809719E-05    2.31472608E-04    2.27192057E-04    4.26671633E+00   -4.53925428E-04    9.00481484E-13    3.08000000E+02
      40    1.19809719E-05    2.31472608E-04    2.27192057E-04    4.26671633E+00   -4.53925428E-04    9.00481484E-13    3.08000000E+02
      41    1.29821862E-05    2.33852579E-04    2.29481849E-04    4.35842647E+00   -4.58527772E-04    1.14562409E-12    3.08000000E+02
      42    1.29821862E-05    2.33852579E-04    2.29481849E-04    4.35842647E+00   -4.58527772E-04    1.14562409E-12    3.08000000E+02
      43    1.29821862E-05    2.33852579E-04    2.29481849E-04    4.35842647E+00   -4.58527772E-04    1.14562409E-12    3.08000000E+02
      44    1.29821862E-05    2.33852579E-04    2.29481849E-04    4.35842647E+00   -4.58527772E-04    1.14562409E-12    3.08000000E+02
      45    1.39832387E-05    2.35787095E-04    2.31342568E-04    4.43350795E+00   -4.62272544E-04    1.43160086E-12    3.08000000E+02
      46    1.39832387E-05    2.35787095E-04    2.31342568E-04    4.43350795E+00   -4.62272544E-04    1.43160086E-12    3.08000000E+02
      47    1.39832387E-05    2.35787095E-04    2.31342568E-04    4.43350795E+00   -4.62272544E-04    1.43160086E-12    3.08000000E+02
      48    1.39832387E-05    2.35787095E-04    2.31342568E-04    4.43350795E+00   -4.62272544E-04    1.43160086E-12    3.08000000E+02
      49    1.49841588E-05    2.37381332E-04    2.32875653E-04    4.49574407E+00   -4.65361406E-04    1.76155309E-12    3.08000000E+02
      50    1.49841588E-05    2.37381332E-04    2.32875653E-04    4.49574407E+00   -4.65361406E-04    1.76155309E-12    3.08000000E+02
      51    1.49841588E-05    2.37381332E-04    2.32875653E-04    4.49574407E+00   -4.65361406E-04    1.76155309E-12    3.08000000E+02
      52    1.49841588E-05    2.37381332E-04    2.32875653E-04    4.49574407E+00   -4.65361406E-04    1.76155309E-12    3.08000000E+02
      53    1.59849720E-05    2.38711223E-04    2.34154301E-04    4.54791054E+00   -4.67940155E-04    2.13862318E-12    3.08000000E+02
      54    1.59849720E-05    2.38711223E-04    2.34154301E-04    4.54791054E+00   -4.67940155E-04    2.13862318E-12    3.08000000E+02
      55    1.59849720E-05    2.38711223E-04    2.34154301E-04    4.54791054E+00   -4.67940155E-04    2.13862318E-12    3.08000000E+02
      56    1.59849720E-05    2.38711223E-04    2.34154301E-04    4.54791054E+00   -4.67940155E-04    2.13862318E-12    3.08000000E+02
      57    1.69856955E-05    2.39832651E-04    2.35232354E-04    4.59207667E+00   -4.70116226E-04    2.56595265E-12    3.08000000E+02
      58    1.69856955E-05    2.39832651E-04    2.35232354E-04    4.59207667E+00   -4.70116226E-04    2.56595265E-12    3.08000000E+02
      59    1.69856955E-05    2.39832651E-04    2.35232354E-04    4.59207667E+00   -4.70116226E-04    2.56595265E-12    3.08000000E+02
      60    1.79863438E-05    2.40787464E-04    2.36150118E-04    4.62980856E+00   -4.71970162E-04    3.04668327E-12    3.08000000E+02
      61    1.79863438E-05    2.40787464E-04    2.36150118E-04    4.62980856E+00   -4.71970162E-04    3.04668327E-12    3.08000000E+02
      62    1.79863438E-05    2.40787464E-04    2.36150118E-04    4.62980856E+00   -4.71970162E-04    3.04668327E-12    3.08000000E+02
      63    1.89869265E-05    2.41607490E-04    2.36938239E-04    4.66230794E+00   -4.73563290E-04    3.58395576E-12    3.08000000E+02
      64    1.89869265E-05    2.41607490E-04    2.36938239E-04    4.66230794E+00   -4.73563290E-04    3.58395576E-12    3.08000000E+02
      65    1.89869265E-05    2.41607490E-04    2.36938239E-04    4.66230794E+00   -4.73563290E-04    3.58395576E-12    3.08000000E+02
      66    1.99874563E-05    2.42317287E-04    2.37620354E-04    4.69050892E+00   -4.74942971E-04    4.18091382E-12    3.08000000E+02
      67    1.99874563E-05    2.42317287E-04    2.37620354E-04    4.69050892E+00   -4.74942971E-04    4.18091382E-12    3.08000000E+02
      68    1.99874563E-05    2.42317287E-04    2.37620354E-04    4.69050892E+00   -4.74942971E-04    4.18091382E-12    3.08000000E+02
      69    2.09879390E-05    2.42936039E-04    2.38214926E-04    4.71514588E+00   -4.76146235E-04    4.84069826E-12    3.08000000E+02
      70    2.09879390E-05    2.42936039E-04    2.38214926E-04    4.71514588E+00   -4.76146235E-04    4.84069826E-12    3.08000000E+02
      71    2.19883807E-05    2.43478914E-04    2.38736549E-04    4.73680258E+00   -4.77202385E-04    5.56645080E-12    3.08000000E+02
      72    2.19883807E-05    2.43478914E-04    2.38736549E-04    4.73680258E+00   -4.77202385E-04    5.56645080E-12    3.08000000E+02
      73    2.29887865E-05    2.43958031E-04    2.39196879E-04    4.75594768E+00   -4.78134848E-04    6.36131316E-12    3.08000000E+02
      74    2.29887865E-05    2.43958031E-04    2.39196879E-04    4.75594768E+00   -4.78134848E-04    6.36131316E-12    3.08000000E+02
      75    2.39891608E-05    2.44383169E-04    2.39605324E-04    4.77296088E+00   -4.78962542E-04    7.22842704E-12    3.08000000E+02
      76    2.39891608E-05    2.44383169E-04    2.39605324E-04    4.77296088E+00   -4.78962542E-04    7.22842704E-12    3.08000000E+02
      77    2.49895054E-05    2.44762286E-04    2.39969537E-04    4.78815240E+00   -4.79700874E-04    8.17093238E-12    3.08000000E+02
      78    2.49895054E-05    2.44762286E-04    2.39969537E-04    4.78815240E+00   -4.79700874E-04    8.17093238E-12    3.08000000E+02
      79    2.59898270E-05    2.45101921E-04    2.40295805E-04    4.80177782E+00   -4.80362506E-04    9.19197427E-12    3.08000000E+02
      80    2.59898270E-05    2.45101921E-04    2.40295805E-04    4.80177782E+00   -4.80362506E-04    9.19197427E-12    3.08000000E+02
      81    2.61787458E-05    2.45162091E-04    2.40353605E-04    4.80419329E+00   -4.80479741E-04    9.39388287E-12    3.08000000E+02
      82    2.69901264E-05    2.45407478E-04    2.40589324E-04    4.81404908E+00   -4.80957912E-04    1.02946928E-11    3.08000000E+02
      83    2.79904060E-05    2.45683462E-04    2.40854426E-04    4.82514325E+00   -4.81495825E-04    1.14822296E-11    3.08000000E+02
      84    2.89906676E-05    2.45933650E-04    2.41094740E-04    4.83520914E+00   -4.81983571E-04    1.27577264E-11    3.08000000E+02
      85    2.99909112E-05    2.46161229E-04    2.41313332E-04    4.84437262E+00   -4.82427336E-04    1.41243222E-11    3.08000000E+02
      86    3.09911419E-05    2.46368906E-04    2.41512801E-04    4.85274072E+00   -4.82832372E-04    1.55851638E-11    3.08000000E+02
      87    3.19913593E-05    2.46558989E-04    2.41695367E-04    4.86040490E+00   -4.83203163E-04    1.71433904E-11    3.08000000E+02
      88    3.29915644E-05    2.46733457E-04    2.41862932E-04    4.86744375E+00   -4.83543553E-04    1.88021436E-11    3.08000000E+02
      89    3.39917584E-05    2.46894017E-04    2.42017136E-04    4.87392506E+00   -4.83856858E-04    2.05645651E-11    3.08000000E+02
      90    3.49919422E-05    2.47042145E-04    2.42159397E-04    4.87990761E+00   -4.84145948E-04    2.24337966E-11    3.08000000E+02
      91    3.59921165E-05    2.47179125E-04    2.42290950E-04    4.88544253E+00   -4.84413320E-04    2.44129797E-11    3.08000000E+02
      92    3.69922820E-05    2.47306077E-04    2.42412869E-04    4.89057452E+00   -4.84661151E-04    2.65052561E-11    3.08000000E+02
      93    3.79924359E-05    2.47423983E-04    2.42526099E-04    4.89534274E+00   -4.84891350E-04    2.87137592E-11    3.08000000E+02
      94    3.89925860E-05    2.47533705E-04    2.42631469E-04    4.89978170E+00   -4.85105598E-04    3.10416467E-11    3.08000000E+02
      95    3.99927292E-05    2.47636004E-04    2.42729708E-04    4.90392182E+00   -4.85305374E-04    3.34920524E-11    3.08000000E+02
      96    4.09928659E-05    2.47731553E-04    2.42821465E-04    4.90779008E+00   -4.85491989E-04    3.60681180E-11    3.08000000E+02
      97    6.82767870E-05    2.49019068E-04    2.44057759E-04    4.96003632E+00   -4.88008612E-04    1.66654813E-10    3.08000000E+02
      98    7.85085376E-05    2.49216438E-04    2.44247258E-04    4.96806592E+00   -4.88394769E-04    2.53366562E-10    3.08000000E+02
      99    8.97790434E-05    2.49367284E-04    2.44392084E-04    4.97420652E+00   -4.88689975E-04    3.78899084E-10    3.08000000E+02
     100    9.87769145E-05    2.49455995E-04    2.44477254E-04    4.97781932E+00   -4.88863617E-04    5.04620630E-10    3.08000000E+02
