 % Time.............:    3.9999999899009708E-004
 % Distribution.....:            0
 % Fluid flag.......:            0
 % Vaporization flag:            1
 % Temperature flag.:            1
 %    ID      Diameter         X position        Y position        X velocity       Y velocity           Mass            Temperature
       1    2.94527644E-06    1.21912608E-04    1.21912355E-04    6.25579306E-07   -2.52457945E-04    1.33775575E-14    2.84647058E+02
       2    3.94016254E-06    2.13231399E-04    2.13230282E-04    6.51466571E-04   -4.51401306E-04    3.20288280E-14    2.84907594E+02
       3    3.94016254E-06    2.13231399E-04    2.13230282E-04    6.51466571E-04   -4.51401306E-04    3.20288280E-14    2.84907594E+02
       4    4.93423888E-06    3.27272255E-04    3.27256196E-04    1.51456641E-02   -7.00091316E-04    6.29012313E-14    2.85715595E+02
       5    4.93423888E-06    3.27272255E-04    3.27256196E-04    1.51456641E-02   -7.00091316E-04    6.29012313E-14    2.85715595E+02
       6    4.93423888E-06    3.27272255E-04    3.27256196E-04    1.51456641E-02   -7.00091316E-04    6.29012313E-14    2.85715595E+02
       7    5.49216416E-06    3.99150536E-04    3.99105403E-04    4.37801313E-02   -8.53819459E-04    8.67419467E-14    2.86376449E+02
       8    5.92911429E-06    4.57979250E-04    4.57895262E-04    8.22045281E-02   -9.77311435E-04    1.09136017E-13    2.86961435E+02
       9    5.92911429E-06    4.57979250E-04    4.57895262E-04    8.22045281E-02   -9.77311435E-04    1.09136017E-13    2.86961435E+02
      10    5.92911429E-06    4.57979250E-04    4.57895262E-04    8.22045281E-02   -9.77311435E-04    1.09136017E-13    2.86961435E+02
      11    5.92911429E-06    4.57979250E-04    4.57895262E-04    8.22045281E-02   -9.77311435E-04    1.09136017E-13    2.86961435E+02
      12    6.92516249E-06    5.95167181E-04    5.94936576E-04    2.27687791E-01   -1.25744920E-03    1.73895578E-13    2.88411027E+02
      13    6.92516249E-06    5.95167181E-04    5.94936576E-04    2.27687791E-01   -1.25744920E-03    1.73895578E-13    2.88411027E+02
      14    6.92516249E-06    5.95167181E-04    5.94936576E-04    2.27687791E-01   -1.25744920E-03    1.73895578E-13    2.88411027E+02
      15    6.92516249E-06    5.95167181E-04    5.94936576E-04    2.27687791E-01   -1.25744920E-03    1.73895578E-13    2.88411027E+02
      16    6.92516249E-06    5.95167181E-04    5.94936576E-04    2.27687791E-01   -1.25744920E-03    1.73895578E-13    2.88411027E+02
      17    7.92233292E-06    7.29353374E-04    7.28906457E-04    4.42877890E-01   -1.52259873E-03    2.60350191E-13    2.89900689E+02
      18    7.92233292E-06    7.29353374E-04    7.28906457E-04    4.42877890E-01   -1.52259873E-03    2.60350191E-13    2.89900689E+02
      19    7.92233292E-06    7.29353374E-04    7.28906457E-04    4.42877890E-01   -1.52259873E-03    2.60350191E-13    2.89900689E+02
      20    7.92233292E-06    7.29353374E-04    7.28906457E-04    4.42877890E-01   -1.52259873E-03    2.60350191E-13    2.89900689E+02
      21    7.92233292E-06    7.29353374E-04    7.28906457E-04    4.42877890E-01   -1.52259873E-03    2.60350191E-13    2.89900689E+02
      22    8.92046031E-06    8.54511660E-04    8.53804232E-04    7.02442842E-01   -1.76405432E-03    3.71672502E-13    2.91341211E+02
      23    8.92046031E-06    8.54511660E-04    8.53804232E-04    7.02442842E-01   -1.76405432E-03    3.71672502E-13    2.91341211E+02
      24    8.92046031E-06    8.54511660E-04    8.53804232E-04    7.02442842E-01   -1.76405432E-03    3.71672502E-13    2.91341211E+02
      25    8.92046031E-06    8.54511660E-04    8.53804232E-04    7.02442842E-01   -1.76405432E-03    3.71672502E-13    2.91341211E+02
      26    8.92046031E-06    8.54511660E-04    8.53804232E-04    7.02442842E-01   -1.76405432E-03    3.71672502E-13    2.91341211E+02
      27    9.91936414E-06    9.67877036E-04    9.66889687E-04    9.81638721E-01   -1.97926552E-03    5.11034400E-13    2.92689936E+02
      28    9.91936414E-06    9.67877036E-04    9.66889687E-04    9.81638721E-01   -1.97926552E-03    5.11034400E-13    2.92689936E+02
      29    9.91936414E-06    9.67877036E-04    9.66889687E-04    9.81638721E-01   -1.97926552E-03    5.11034400E-13    2.92689936E+02
      30    9.91936414E-06    9.67877036E-04    9.66889687E-04    9.81638721E-01   -1.97926552E-03    5.11034400E-13    2.92689936E+02
      31    9.91936414E-06    9.67877036E-04    9.66889687E-04    9.81638721E-01   -1.97926552E-03    5.11034400E-13    2.92689936E+02
      32    1.09188847E-05    1.06882714E-03    1.06755850E-03    1.26240309E+00   -2.16894917E-03    6.81606103E-13    2.93930126E+02
      33    1.09188847E-05    1.06882714E-03    1.06755850E-03    1.26240309E+00   -2.16894917E-03    6.81606103E-13    2.93930126E+02
      34    1.09188847E-05    1.06882714E-03    1.06755850E-03    1.26240309E+00   -2.16894917E-03    6.81606103E-13    2.93930126E+02
      35    1.09188847E-05    1.06882714E-03    1.06755850E-03    1.26240309E+00   -2.16894917E-03    6.81606103E-13    2.93930126E+02
      36    1.09188847E-05    1.06882714E-03    1.06755850E-03    1.26240309E+00   -2.16894917E-03    6.81606103E-13    2.93930126E+02
      37    1.19188847E-05    1.15790080E-03    1.15636078E-03    1.53344074E+00   -2.33527972E-03    8.86554607E-13    2.95058854E+02
      38    1.19188847E-05    1.15790080E-03    1.15636078E-03    1.53344074E+00   -2.33527972E-03    8.86554607E-13    2.95058854E+02
      39    1.19188847E-05    1.15790080E-03    1.15636078E-03    1.53344074E+00   -2.33527972E-03    8.86554607E-13    2.95058854E+02
      40    1.19188847E-05    1.15790080E-03    1.15636078E-03    1.53344074E+00   -2.33527972E-03    8.86554607E-13    2.95058854E+02
      41    1.29192520E-05    1.23616381E-03    1.23436847E-03    1.78854819E+00   -2.48091618E-03    1.12904369E-12    2.96080254E+02
      42    1.29192520E-05    1.23616381E-03    1.23436847E-03    1.78854819E+00   -2.48091618E-03    1.12904369E-12    2.96080254E+02
      43    1.29192520E-05    1.23616381E-03    1.23436847E-03    1.78854819E+00   -2.48091618E-03    1.12904369E-12    2.96080254E+02
      44    1.29192520E-05    1.23616381E-03    1.23436847E-03    1.78854819E+00   -2.48091618E-03    1.12904369E-12    2.96080254E+02
      45    1.39198991E-05    1.30485120E-03    1.30281939E-03    2.02489971E+00   -2.60852387E-03    1.41223477E-12    2.97001806E+02
      46    1.39198991E-05    1.30485120E-03    1.30281939E-03    2.02489971E+00   -2.60852387E-03    1.41223477E-12    2.97001806E+02
      47    1.39198991E-05    1.30485120E-03    1.30281939E-03    2.02489971E+00   -2.60852387E-03    1.41223477E-12    2.97001806E+02
      48    1.39198991E-05    1.30485120E-03    1.30281939E-03    2.02489971E+00   -2.60852387E-03    1.41223477E-12    2.97001806E+02
      49    1.49207533E-05    1.36518366E-03    1.36293495E-03    2.24174570E+00   -2.72056137E-03    1.73928551E-12    2.97832287E+02
      50    1.49207533E-05    1.36518366E-03    1.36293495E-03    2.24174570E+00   -2.72056137E-03    1.73928551E-12    2.97832287E+02
      51    1.49207533E-05    1.36518366E-03    1.36293495E-03    2.24174570E+00   -2.72056137E-03    1.73928551E-12    2.97832287E+02
      52    1.49207533E-05    1.36518366E-03    1.36293495E-03    2.24174570E+00   -2.72056137E-03    1.73928551E-12    2.97832287E+02
      53    1.50321109E-05    1.37142938E-03    1.36915774E-03    2.26467643E+00   -2.73216090E-03    1.77851918E-12    2.97919443E+02
      54    1.59217603E-05    1.41828442E-03    1.41583793E-03    2.43953601E+00   -2.81920536E-03    2.11335220E-12    2.98580681E+02
      55    1.59217603E-05    1.41828442E-03    1.41583793E-03    2.43953601E+00   -2.81920536E-03    2.11335220E-12    2.98580681E+02
      56    1.59217603E-05    1.41828442E-03    1.41583793E-03    2.43953601E+00   -2.81920536E-03    2.11335220E-12    2.98580681E+02
      57    1.59217603E-05    1.41828442E-03    1.41583793E-03    2.43953601E+00   -2.81920536E-03    2.11335220E-12    2.98580681E+02
      58    1.69228756E-05    1.46514850E-03    1.46252222E-03    2.61935945E+00   -2.90633976E-03    2.53758806E-12    2.99255608E+02
      59    1.69228756E-05    1.46514850E-03    1.46252222E-03    2.61935945E+00   -2.90633976E-03    2.53758806E-12    2.99255608E+02
      60    1.69228756E-05    1.46514850E-03    1.46252222E-03    2.61935945E+00   -2.90633976E-03    2.53758806E-12    2.99255608E+02
      61    1.79240650E-05    1.50663918E-03    1.50384973E-03    2.78260264E+00   -2.98357577E-03    3.01514475E-12    2.99865049E+02
      62    1.79240650E-05    1.50663918E-03    1.50384973E-03    2.78260264E+00   -2.98357577E-03    3.01514475E-12    2.99865049E+02
      63    1.79240650E-05    1.50663918E-03    1.50384973E-03    2.78260264E+00   -2.98357577E-03    3.01514475E-12    2.99865049E+02
      64    1.89253001E-05    1.54349675E-03    1.54055922E-03    2.93074743E+00   -3.05228251E-03    3.54917130E-12    3.00416243E+02
      65    1.89253001E-05    1.54349675E-03    1.54055922E-03    2.93074743E+00   -3.05228251E-03    3.54917130E-12    3.00416243E+02
      66    1.89253001E-05    1.54349675E-03    1.54055922E-03    2.93074743E+00   -3.05228251E-03    3.54917130E-12    3.00416243E+02
      67    1.99265641E-05    1.57635225E-03    1.57328030E-03    3.06525737E+00   -3.11362061E-03    4.14281839E-12    3.00915669E+02
      68    1.99265641E-05    1.57635225E-03    1.57328030E-03    3.06525737E+00   -3.11362061E-03    4.14281839E-12    3.00915669E+02
      69    1.99265641E-05    1.57635225E-03    1.57328030E-03    3.06525737E+00   -3.11362061E-03    4.14281839E-12    3.00915669E+02
      70    2.09278393E-05    1.60574187E-03    1.60254775E-03    3.18751507E+00   -3.16857295E-03    4.79923272E-12    3.01369081E+02
      71    2.09278393E-05    1.60574187E-03    1.60254775E-03    3.18751507E+00   -3.16857295E-03    4.79923272E-12    3.01369081E+02
      72    2.19291137E-05    1.63212109E-03    1.62881580E-03    3.29879430E+00   -3.21797302E-03    5.52156097E-12    3.01781563E+02
      73    2.19291137E-05    1.63212109E-03    1.62881580E-03    3.29879430E+00   -3.21797302E-03    5.52156097E-12    3.01781563E+02
      74    2.29303782E-05    1.65587716E-03    1.65247051E-03    3.40024961E+00   -3.26252894E-03    6.31294907E-12    3.02157594E+02
      75    2.29303782E-05    1.65587716E-03    1.65247051E-03    3.40024961E+00   -3.26252894E-03    6.31294907E-12    3.02157594E+02
      76    2.39316258E-05    1.67733988E-03    1.67384066E-03    3.49291679E+00   -3.30284380E-03    7.17654227E-12    3.02501114E+02
      77    2.39316258E-05    1.67733988E-03    1.67384066E-03    3.49291679E+00   -3.30284380E-03    7.17654227E-12    3.02501114E+02
      78    2.49328499E-05    1.69679078E-03    1.69320684E-03    3.57771895E+00   -3.33943269E-03    8.11548352E-12    3.02815588E+02
      79    2.49328499E-05    1.69679078E-03    1.69320684E-03    3.57771895E+00   -3.33943269E-03    8.11548352E-12    3.02815588E+02
      80    2.59340502E-05    1.71447096E-03    1.71080935E-03    3.65547612E+00   -3.37273718E-03    9.13292051E-12    3.03104064E+02
      81    2.59340502E-05    1.71447096E-03    1.71080935E-03    3.65547612E+00   -3.37273718E-03    9.13292051E-12    3.03104064E+02
      82    2.69352226E-05    1.73058737E-03    1.72685442E-03    3.72691427E+00   -3.40313667E-03    1.02319955E-11    3.03369225E+02
      83    2.79363652E-05    1.74531833E-03    1.74151970E-03    3.79267599E+00   -3.43095851E-03    1.14158521E-11    3.03613436E+02
      84    2.89374771E-05    1.75881794E-03    1.75495873E-03    3.85332981E+00   -3.45648596E-03    1.26876336E-11    3.03838782E+02
      85    2.99385559E-05    1.77121978E-03    1.76730460E-03    3.90937890E+00   -3.47996495E-03    1.40504805E-11    3.04047108E+02
      86    3.09396051E-05    1.78264012E-03    1.77867312E-03    3.96126932E+00   -3.50160986E-03    1.55075408E-11    3.04240047E+02
      87    3.19406231E-05    1.79318035E-03    1.78916529E-03    4.00939645E+00   -3.52160789E-03    1.70619547E-11    3.04419049E+02
      88    3.29416102E-05    1.80292925E-03    1.79886953E-03    4.05411160E+00   -3.54012320E-03    1.87168650E-11    3.04585400E+02
      89    3.39425671E-05    1.81196475E-03    1.80786348E-03    4.09572735E+00   -3.55730011E-03    2.04754140E-11    3.04740247E+02
      90    3.49434945E-05    1.82035549E-03    1.81621549E-03    4.13452226E+00   -3.57326593E-03    2.23407443E-11    3.04884613E+02
      91    3.59443931E-05    1.82816209E-03    1.82398592E-03    4.17074506E+00   -3.58813320E-03    2.43159981E-11    3.05019412E+02
      92    3.69452638E-05    1.83543821E-03    1.83122822E-03    4.20461822E+00   -3.60200175E-03    2.64043177E-11    3.05145464E+02
      93    3.79461037E-05    1.84223151E-03    1.83798985E-03    4.23634101E+00   -3.61496028E-03    2.86088370E-11    3.05263503E+02
      94    3.89469212E-05    1.84858446E-03    1.84431309E-03    4.26609262E+00   -3.62708799E-03    3.09327143E-11    3.05374190E+02
      95    3.99477135E-05    1.85453490E-03    1.85023564E-03    4.29403395E+00   -3.63845553E-03    3.33790839E-11    3.05478121E+02
      96    4.09484814E-05    1.86011672E-03    1.85579123E-03    4.32031007E+00   -3.64912621E-03    3.59510877E-11    3.05575832E+02
      97    5.18946922E-05    1.90389556E-03    1.89936212E-03    4.52861111E+00   -3.73308093E-03    7.31757960E-11    3.06348544E+02
      98    5.40809422E-05    1.90997994E-03    1.90541729E-03    4.55787327E+00   -3.74478851E-03    8.28192670E-11    3.06456626E+02
      99    6.94490871E-05    1.93938315E-03    1.93467827E-03    4.70037137E+00   -3.80151772E-03    1.75387347E-10    3.06979569E+02
     100    8.18562759E-05    1.95318514E-03    1.94841287E-03    4.76788819E+00   -3.82824043E-03    2.87180258E-10    3.07224176E+02
