 % Time.............:    7.7999999803068931E-004
 % Distribution.....:            0
 % Fluid flag.......:            0
 % Vaporization flag:            1
 % Temperature flag.:   -1.32555305E+24
 %    ID      Diameter         X position        Y position        X velocity       Y velocity           Mass            Temperature
       1    2.00066318E-06    1.20779052E-04    1.20778933E-04    3.02135544E-19   -1.18610317E-04    4.19295857E-15    3.08000000E+02
       2    2.69987145E-06    1.63905354E-04    1.63905138E-04    2.70271336E-12   -2.15991105E-04    1.03045230E-14    3.08000000E+02
       3    3.30616616E-06    2.11203388E-04    2.11203064E-04    7.46878438E-09   -3.23870618E-04    1.89222451E-14    3.08000000E+02
       4    3.30616616E-06    2.11203388E-04    2.11203064E-04    7.46878438E-09   -3.23870618E-04    1.89222451E-14    3.08000000E+02
       5    4.45306058E-06    3.25126274E-04    3.25125661E-04    2.56856336E-05   -5.87421440E-04    4.62353815E-14    3.08000000E+02
       6    4.45306058E-06    3.25126274E-04    3.25125661E-04    2.56856336E-05   -5.87421440E-04    4.62353815E-14    3.08000000E+02
       7    4.45306058E-06    3.25126274E-04    3.25125661E-04    2.56856336E-05   -5.87421440E-04    4.62353815E-14    3.08000000E+02
       8    5.54062674E-06    4.61698701E-04    4.61696488E-04    1.29100326E-03   -9.07472138E-04    8.90584873E-14    3.08000000E+02
       9    5.54062674E-06    4.61698701E-04    4.61696488E-04    1.29100326E-03   -9.07472138E-04    8.90584873E-14    3.08000000E+02
      10    5.54062674E-06    4.61698701E-04    4.61696488E-04    1.29100326E-03   -9.07472138E-04    8.90584873E-14    3.08000000E+02
      11    5.54062674E-06    4.61698701E-04    4.61696488E-04    1.29100326E-03   -9.07472138E-04    8.90584873E-14    3.08000000E+02
      12    6.59875655E-06    6.19111952E-04    6.19098754E-04    1.18311144E-02   -1.27386832E-03    1.50447492E-13    3.08000000E+02
      13    6.59875655E-06    6.19111952E-04    6.19098754E-04    1.18311144E-02   -1.27386832E-03    1.50447492E-13    3.08000000E+02
      14    6.59875655E-06    6.19111952E-04    6.19098754E-04    1.18311144E-02   -1.27386832E-03    1.50447492E-13    3.08000000E+02
      15    6.59875655E-06    6.19111952E-04    6.19098754E-04    1.18311144E-02   -1.27386832E-03    1.50447492E-13    3.08000000E+02
      16    6.59875655E-06    6.19111952E-04    6.19098754E-04    1.18311144E-02   -1.27386832E-03    1.50447492E-13    3.08000000E+02
      17    7.64048790E-06    7.92938990E-04    7.92889760E-04    4.72850725E-02   -1.66750338E-03    2.33540342E-13    3.08000000E+02
      18    7.64048790E-06    7.92938990E-04    7.92889760E-04    4.72850725E-02   -1.66750338E-03    2.33540342E-13    3.08000000E+02
      19    7.64048790E-06    7.92938990E-04    7.92889760E-04    4.72850725E-02   -1.66750338E-03    2.33540342E-13    3.08000000E+02
      20    7.64048790E-06    7.92938990E-04    7.92889760E-04    4.72850725E-02   -1.66750338E-03    2.33540342E-13    3.08000000E+02
      21    7.64048790E-06    7.92938990E-04    7.92889760E-04    4.72850725E-02   -1.66750338E-03    2.33540342E-13    3.08000000E+02
      22    8.67223832E-06    9.76330671E-04    9.76208181E-04    1.19870723E-01   -2.06744323E-03    3.41501210E-13    3.08000000E+02
      23    8.67223832E-06    9.76330671E-04    9.76208181E-04    1.19870723E-01   -2.06744323E-03    3.41501210E-13    3.08000000E+02
      24    8.67223832E-06    9.76330671E-04    9.76208181E-04    1.19870723E-01   -2.06744323E-03    3.41501210E-13    3.08000000E+02
      25    8.67223832E-06    9.76330671E-04    9.76208181E-04    1.19870723E-01   -2.06744323E-03    3.41501210E-13    3.08000000E+02
      26    8.67223832E-06    9.76330671E-04    9.76208181E-04    1.19870723E-01   -2.06744323E-03    3.41501210E-13    3.08000000E+02
      27    9.69747483E-06    1.16203556E-03    1.16180059E-03    2.31651215E-01   -2.45744946E-03    4.77501366E-13    3.08000000E+02
      28    9.69747483E-06    1.16203556E-03    1.16180059E-03    2.31651215E-01   -2.45744946E-03    4.77501366E-13    3.08000000E+02
      29    9.69747483E-06    1.16203556E-03    1.16180059E-03    2.31651215E-01   -2.45744946E-03    4.77501366E-13    3.08000000E+02
      30    9.69747483E-06    1.16203556E-03    1.16180059E-03    2.31651215E-01   -2.45744946E-03    4.77501366E-13    3.08000000E+02
      31    9.69747483E-06    1.16203556E-03    1.16180059E-03    2.31651215E-01   -2.45744946E-03    4.77501366E-13    3.08000000E+02
      32    1.07182067E-05    1.34407233E-03    1.34369157E-03    3.76763160E-01   -2.82745650E-03    6.44710903E-13    3.08000000E+02
      33    1.07182067E-05    1.34407233E-03    1.34369157E-03    3.76763160E-01   -2.82745650E-03    6.44710903E-13    3.08000000E+02
      34    1.07182067E-05    1.34407233E-03    1.34369157E-03    3.76763160E-01   -2.82745650E-03    6.44710903E-13    3.08000000E+02
      35    1.07182067E-05    1.34407233E-03    1.34369157E-03    3.76763160E-01   -2.82745650E-03    6.44710903E-13    3.08000000E+02
      36    1.07182067E-05    1.34407233E-03    1.34369157E-03    3.76763160E-01   -2.82745650E-03    6.44710903E-13    3.08000000E+02
      37    1.17356664E-05    1.51829735E-03    1.51774666E-03    5.46064721E-01   -3.17236356E-03    8.46295244E-13    3.08000000E+02
      38    1.17356664E-05    1.51829735E-03    1.51774666E-03    5.46064721E-01   -3.17236356E-03    8.46295244E-13    3.08000000E+02
      39    1.17356664E-05    1.51829735E-03    1.51774666E-03    5.46064721E-01   -3.17236356E-03    8.46295244E-13    3.08000000E+02
      40    1.17356664E-05    1.51829735E-03    1.51774666E-03    5.46064721E-01   -3.17236356E-03    8.46295244E-13    3.08000000E+02
      41    1.27506529E-05    1.68225488E-03    1.68151935E-03    7.30376764E-01   -3.49036849E-03    1.08541522E-12    3.08000000E+02
      42    1.27506529E-05    1.68225488E-03    1.68151935E-03    7.30376764E-01   -3.49036849E-03    1.08541522E-12    3.08000000E+02
      43    1.27506529E-05    1.68225488E-03    1.68151935E-03    7.30376764E-01   -3.49036849E-03    1.08541522E-12    3.08000000E+02
      44    1.27506529E-05    1.68225488E-03    1.68151935E-03    7.30376764E-01   -3.49036849E-03    1.08541522E-12    3.08000000E+02
      45    1.37637119E-05    1.83477434E-03    1.83384675E-03    9.21961858E-01   -3.78164059E-03    1.36522852E-12    3.08000000E+02
      46    1.37637119E-05    1.83477434E-03    1.83384675E-03    9.21961858E-01   -3.78164059E-03    1.36522852E-12    3.08000000E+02
      47    1.37637119E-05    1.83477434E-03    1.83384675E-03    9.21961858E-01   -3.78164059E-03    1.36522852E-12    3.08000000E+02
      48    1.37637119E-05    1.83477434E-03    1.83384675E-03    9.21961858E-01   -3.78164059E-03    1.36522852E-12    3.08000000E+02
      49    1.47752263E-05    1.97556221E-03    1.97444128E-03    1.11490101E+00   -4.04742861E-03    1.68888883E-12    3.08000000E+02
      50    1.47752263E-05    1.97556221E-03    1.97444128E-03    1.11490101E+00   -4.04742861E-03    1.68888883E-12    3.08000000E+02
      51    1.47752263E-05    1.97556221E-03    1.97444128E-03    1.11490101E+00   -4.04742861E-03    1.68888883E-12    3.08000000E+02
      52    1.47752263E-05    1.97556221E-03    1.97444128E-03    1.11490101E+00   -4.04742861E-03    1.68888883E-12    3.08000000E+02
      53    1.57854803E-05    2.10487882E-03    2.10356749E-03    1.30496089E+00   -4.28951153E-03    2.05954854E-12    3.08000000E+02
      54    1.57854803E-05    2.10487882E-03    2.10356749E-03    1.30496089E+00   -4.28951153E-03    2.05954854E-12    3.08000000E+02
      55    1.57854803E-05    2.10487882E-03    2.10356749E-03    1.30496089E+00   -4.28951153E-03    2.05954854E-12    3.08000000E+02
      56    1.57854803E-05    2.10487882E-03    2.10356749E-03    1.30496089E+00   -4.28951153E-03    2.05954854E-12    3.08000000E+02
      57    1.67946854E-05    2.22330542E-03    2.22180949E-03    1.48928406E+00   -4.50987054E-03    2.48035736E-12    3.08000000E+02
      58    1.67946854E-05    2.22330542E-03    2.22180949E-03    1.48928406E+00   -4.50987054E-03    2.48035736E-12    3.08000000E+02
      59    1.67946854E-05    2.22330542E-03    2.22180949E-03    1.48928406E+00   -4.50987054E-03    2.48035736E-12    3.08000000E+02
      60    1.78030063E-05    2.33158912E-03    2.32991617E-03    1.66606439E+00   -4.71050430E-03    2.95446381E-12    3.08000000E+02
      61    1.78030063E-05    2.33158912E-03    2.32991617E-03    1.66606439E+00   -4.71050430E-03    2.95446381E-12    3.08000000E+02
      62    1.78030063E-05    2.33158912E-03    2.32991617E-03    1.66606439E+00   -4.71050430E-03    2.95446381E-12    3.08000000E+02
      63    1.88105709E-05    2.43054294E-03    2.42870159E-03    1.83426462E+00   -4.89332775E-03    3.48501428E-12    3.08000000E+02
      64    1.88105709E-05    2.43054294E-03    2.42870159E-03    1.83426462E+00   -4.89332775E-03    3.48501428E-12    3.08000000E+02
      65    1.88105709E-05    2.43054294E-03    2.42870159E-03    1.83426462E+00   -4.89332775E-03    3.48501428E-12    3.08000000E+02
      66    1.98174868E-05    2.52098538E-03    2.51898474E-03    1.99339382E+00   -5.06012343E-03    4.07515721E-12    3.08000000E+02
      67    1.98174868E-05    2.52098538E-03    2.51898474E-03    1.99339382E+00   -5.06012343E-03    4.07515721E-12    3.08000000E+02
      68    1.98174868E-05    2.52098538E-03    2.51898474E-03    1.99339382E+00   -5.06012343E-03    4.07515721E-12    3.08000000E+02
      69    2.08238372E-05    2.60370374E-03    2.60155303E-03    2.14333624E+00   -5.21251896E-03    4.72803751E-12    3.08000000E+02
      70    2.08238372E-05    2.60370374E-03    2.60155303E-03    2.14333624E+00   -5.21251896E-03    4.72803751E-12    3.08000000E+02
      71    2.18296921E-05    2.67943573E-03    2.67714401E-03    2.28422825E+00   -5.35198487E-03    5.44680043E-12    3.08000000E+02
      72    2.18296921E-05    2.67943573E-03    2.67714401E-03    2.28422825E+00   -5.35198487E-03    5.44680043E-12    3.08000000E+02
      73    2.28351099E-05    2.74886039E-03    2.74643644E-03    2.41636863E+00   -5.47983980E-03    6.23459076E-12    3.08000000E+02
      74    2.28351099E-05    2.74886039E-03    2.74643644E-03    2.41636863E+00   -5.47983980E-03    6.23459076E-12    3.08000000E+02
      75    2.38401399E-05    2.81259567E-03    2.81004785E-03    2.54015525E+00   -5.59726085E-03    7.09455292E-12    3.08000000E+02
      76    2.38401399E-05    2.81259567E-03    2.81004785E-03    2.54015525E+00   -5.59726085E-03    7.09455292E-12    3.08000000E+02
      77    2.48448221E-05    2.87119946E-03    2.86853569E-03    2.65604070E+00   -5.70529575E-03    8.02982926E-12    3.08000000E+02
      78    2.48448221E-05    2.87119946E-03    2.86853569E-03    2.65604070E+00   -5.70529575E-03    8.02982926E-12    3.08000000E+02
      79    2.58491962E-05    2.92517336E-03    2.92240108E-03    2.76450280E+00   -5.80487649E-03    9.04356701E-12    3.08000000E+02
      80    2.58491962E-05    2.92517336E-03    2.92240108E-03    2.76450280E+00   -5.80487649E-03    9.04356701E-12    3.08000000E+02
      81    2.60388506E-05    2.93488472E-03    2.93209274E-03    2.78419315E+00   -5.82280365E-03    9.24408787E-12    3.08000000E+02
      82    2.68532910E-05    2.97496631E-03    2.97209246E-03    2.86602286E+00   -5.89683062E-03    1.01389082E-11    3.08000000E+02
      83    2.78571336E-05    3.02097971E-03    3.01801079E-03    2.96107309E+00   -5.98189370E-03    1.13189962E-11    3.08000000E+02
      84    2.88607473E-05    3.06357208E-03    3.06051408E-03    3.05010790E+00   -6.06071981E-03    1.25869744E-11    3.08000000E+02
      85    2.98641508E-05    3.10306341E-03    3.09992194E-03    3.13355860E+00   -6.13389095E-03    1.39459834E-11    3.08000000E+02
      86    3.08673660E-05    3.13973972E-03    3.13651996E-03    3.21183136E+00   -6.20192611E-03    1.53991712E-11    3.08000000E+02
      87    3.18704069E-05    3.17385638E-03    3.17056314E-03    3.28530515E+00   -6.26528804E-03    1.69496782E-11    3.08000000E+02
      88    3.28732878E-05    3.20564191E-03    3.20227962E-03    3.35433237E+00   -6.32439036E-03    1.86006475E-11    3.08000000E+02
      89    3.38760215E-05    3.23530091E-03    3.23187371E-03    3.41923937E+00   -6.37960334E-03    2.03552216E-11    3.08000000E+02
      90    3.48786193E-05    3.26301686E-03    3.25952857E-03    3.48032759E+00   -6.43125890E-03    2.22165434E-11    3.08000000E+02
      91    3.58810914E-05    3.28895450E-03    3.28540865E-03    3.53787493E+00   -6.47965514E-03    2.41877555E-11    3.08000000E+02
      92    3.68834471E-05    3.31326195E-03    3.30966184E-03    3.59213725E+00   -6.52506023E-03    2.62720004E-11    3.08000000E+02
      93    3.78856909E-05    3.33607255E-03    3.33242122E-03    3.64334979E+00   -6.56771566E-03    2.84724126E-11    3.08000000E+02
      94    3.88878376E-05    3.35750678E-03    3.35380707E-03    3.69172939E+00   -6.60783988E-03    3.07921503E-11    3.08000000E+02
      95    3.98898906E-05    3.37767327E-03    3.37392782E-03    3.73747491E+00   -6.64562994E-03    3.32343484E-11    3.08000000E+02
      96    4.08918559E-05    3.39667039E-03    3.39288165E-03    3.78076938E+00   -6.68126446E-03    3.58021493E-11    3.08000000E+02
      97    6.82068905E-05    3.66899915E-03    3.66456834E-03    4.42294266E+00   -7.19661870E-03    1.66143512E-10    3.08000000E+02
      98    7.84452625E-05    3.71367534E-03    3.70913534E-03    4.53217052E+00   -7.28213289E-03    2.52754442E-10    3.08000000E+02
      99    8.97214983E-05    3.74839961E-03    3.74377397E-03    4.61783661E+00   -7.34882866E-03    3.78170970E-10    3.08000000E+02
     100    9.87231062E-05    3.76906278E-03    3.76438586E-03    4.66913606E+00   -7.38861945E-03    5.03796411E-10    3.08000000E+02
